01011100011010110111101001000101
01011100001011101111011001101011
01011100000101100011100101000001
01011010110101001110000011010100
01011100000111000000011000010101
01011011011100110111011100111000
01011001101001011110010000011000
01011100100100100100001110000101
01011011111110011000111001100010
01011011001010000101011001101101
01011100000010111010101000101101
01011100001110110010110000111110
01011100010111011100110001111100
01011011101010101110100110101101
01011011110100100111100001100001
01011100011010000111101010001011
01011100000111101010001101110001
01011000100100110000000010100100
01011011011100011101011010001100
01011011101101011010100001001111
01011011111100011011100000111100
01011011101100111110101011101011
01011011110101000001101110100011
01011001110110011001001101001000
01011011011101010111010000011111
01011100000001011010010111101101
01011100010010101100101110101011
01011010110000010101101011001001
01011011100110011001100100110100
01011010100000011110011000001010
01011011111011100001001011011101
01011010100111101101010101101110
01011011110110110010101101110111
01011011110100001101001011011001
01011100000010110101010101010000
01011100000101011111101110010110
01011011110111010111010010101000
01011100100011010100000000011001
01011100010111001011010011101111
01011000000110100011001101010110
01011100000101101010110010101101
01011100001101110010001111100101
01011011100110111001111100001000
01011001100110000111010101001101
01011100010100000001011000101011
01011001110011010111010100001110
01011010100000001111001001010000
01011000100101100011000111111100
01011100001010011001000010111101
01011010010011010000101100000010
01011011000001111100000001011111
01011100000111000110101010010100
01011011011110101110010001110000
01011010101011111101101000000001
01011011001000101111110101101100
01011011001001010011110101110000
01011010101010111010101111111001
01011011010100010110000010011111
01011010010110000011000111010011
01011100010110011110011101011001
01011100010001010000100111111011
01011011000011011001110001011111
01011100100100011100000011111010
01011010100100011111011100111010
01011011011100111100110010010110
01011100110001001101110111110111
01011011010010001001101101100001
01011011101000100010000001110010
01011011110100001100010101010100
01011011111010101000011001111101
01011011100100110000110100001011
01011010100111010000010111111111
01011100000010001010001111000110
01011011100010111101100000101011
01011010101111110010101100111010
01011011110001110111101000111000
01011011101110110111100111100001
01011011000111010010111010101010
01010111101000100000010000111000
01011010001001111010011011111111
01011011100100100111001001110100
01011010011010101001011111010010
01011010100100100001011010101010
01011011110101010001111100011111
01011011110001010111100001110110
01011011011111100001001101100011
01011010110101111110110001000010
01011010100110000100111001101001
01011011101011101001101001111010
01011011101000111000010001111100
01011011011001010101000010101111
01011001011100010000111010100001
01011011010110001010010010101010
01011010111111011100100011000011
01011100011000010011110010110111
01011010110101000010001100110101
01011100000111000000000010100011
01011100000010111010000001000001
01011010100100010111100101100100
01011011101000010110000111001011
01011100001101110110011100101100
01011100011111001111000000101101
01011100001010000000100010101010
01011011100101110100111010011100
01011100010111101000101100111100
01011011000110000001110000010011
01011100010001110101100011001101
01011011000111110100001000011101
01011011100101011111111000100111
01011100011000110100100110101110
01011100010011000011101110101111
01011100001000000101010000011101
01011011101110101100010000110001
01011010111000111001000111011101
01011011100001111100110011000100
01011100100101111101101110110100
01011010110001000101011101001101
01011100011001001110101000111110
01011011100011100110110101100100
01011010100111010101001000010011
01011011101111101011010011100011
01011001100101011110001001000000
01011100100001101101100000011000
01011011101000010110010001001010
01011011100110010111000110000010
01011100001101010101110010010011
01011010110001010011011001100001
01011011000100110000001100101010
01011010011111010011011011001100
01011011101111000010001001010101
01011001000001100001110100100011
01011001100010011001001110000010
01011100010110100010011100011010
01011011101011111111111111001101
01011001000001110100001010001000
01011011110100110111000100110011
01011011110010011111000001010111
01011010110011101010110010111010
01011011011101111000001100001110
01011011011011110101110011011101
01011011100001101000000000011001
01011011100101111111111110100001
01011011110010010011101000011000
01011010010110000111000000001011
01011100000111010011011101010010
01011010110100101111100011110000
01011011110111001010111110010011
01011100000100110110001100001010
01011011100111000100000110011011
01011011011100010001010100100100
01011011110111111111101111011101
01011011001100011011011111001100
01011011111111000001000010000000
01011011001100110101101001011100
01011011001110001111101101001101
01011011110000110110001111100010
01011011100110110110110011101001
01011011100011001100011101011000
01011010011101000010100001011010
01011010111001101110110110000011
01011100001101001101011000110110
01011100001110110001110011010110
01011011001100110101000010111001
01011011100011010010100111110011
01011011111111011010000110110111
01011010000111100111001001110010
01011000001011000011011000000001
01011011110100101100110010111010
01011100100010101111100011100000
01011011001100110000010001011110
01011010101110100110011000111010
01011100001111011011010010111001
01011011100111011100011001001010
01011011101011101011011111110100
01011100001111110110110110111101
01011100100010101010100001110110
01011011000001010011111110001011
01011001111110101010110001100101
01011011101100100000101100110101
01011100000100111000101000000011
01011010100001010111101011001000
01011010101101110011011101110110
01011100000011110001101001100110
01011100001011100110010000100110
01011010001101011110011001101100
01011010011011000110011011010111
01011100001010001000000101100000
01011011101111011001001100001010
01011000011110000111100111110001
01011010101011000001100101011110
01011100001100111010011111010110
01011011000000110011010100101110
01011011110100101011000010001111
01011100000000101011110001010110
01011011101011101111110010010010
01011001100101010111001010001111
01011011010110010010010101110101
01011011011001011110011001101000
01011100001101010010011001110100
01011100000100110010100000001000
01011011110000100100101011100001
01011010011110110101010100100110
01011001101110000100011111010110
01011100010000011111101000001100
01011011000101011000010010001101
01011011001110111001100110001000
01011011110011001110110111100011
01011011010110011100110000111101
01011010110010110010100101100011
01011010110011101010101111011001
01011100100000111110100011111110
01011011101111111111000110100110
01011011111011000011100001001100
01011100100111100111110001001000
01011011001000101111100001111110
01011011010101011010101111010001
01011011100011011111111000011111
01011100010000011101010010001001
01011010110001001101111101101110
01011011111101111010000010010010
01011100000010110011010111011100
01011010111101101001100001101010
01011100011000011101000100110011
01011100101000111101100010110110
01011011101001101101011110010101
01011011110101100011000101111000
01011010011001011011010000001101
01011011000110000001001100110101
01011100000110011111110010110110
01011100010001111101100101100101
01011011010110001101000001100110
01011011100100110011000011001011
01011011110011011000100110100111
01011011110101000111001001111001
01011011010110011010110010001011
01011100011000101110000100111011
01011100100010011111000100011111
01011010111101000001110101101010
01011010010111101101000010101000
01011001111011100101111011001000
01011011000111000110100111111011
01011100000110010100001001001101
01011011101010010101011001000001
01011100011001110000100000001111
01011011100010100000101010000000
01011011110001010010010101111100
01011011100111110011011000100111
01011100010111010110100111101111
01011001010000101100111001001101
01011011101110110111100100111100
01011011010111101010100110010100
01011011111100011010000000111010
01011001010000110110011111010010
01011011111111110101111101100001
01011011011110101100110000001100
01011100100001111010100101100110
01011011100011001111010011011100
01011001100011110001110101111110
01011100000010010001001110000011
01011011001110010010001001010111
01011011011000001001100000001101
01011010110010000110001001010100
01011011011000011011100111100011
01011011101010000001000111110111
01011011011010000110101111000000
01011100000000001110101011110111
01011011111100011011101000001111
01011011001101111101010100110010
01011011000110001101110000001111
01011100000011110000100111010011
01011011000100100010011110110000
01011011111010110110011110111011
01011001101111001110111010101110
01011100010001010000110110010011
01011100000001010001000101001011
01011100001010011001011111001001
01011011111111100001110111010100
01011011001000000011011000001001
01011011011111010111000011111001
01011011100110101111010110110110
01011011110001001111001110110011
01011011100111110011100101011001
01011011101100100011001010110110
01011011001001000110101101101100
01011100001100101000011010101100
01011010011000011010110000011010
01011011111011111100111100010101
01011011011011001001010000001100
01011100000111001001110000111000
01011010100110101001101010000110
01011100001001100010010101111000
01011010100000010100101101000011
01011100001110011010000110100111
01011100010100100001101101101000
01011100011000110010011010110010
01011011111110001101110111101011
01011011101100000000011110111011
01011011001001000010110111100101
01011011111100101101100110101011
01011100010101001100000101001100
01011001000000000001000010100110
01011100010110011010001000100100
01011011010110000100011010101011
01011011110010111110100000100111
01011100001100110100000111000001
01011011101000011011101100100100
01011011000011101001000111101010
01011011100010110010001101111101
01011011010111111110010001101010
01011100001101111111110111000000
01011010111001100100101010000101
01011100010101100110101100011001
01011010110001111101011010000010
01011011111010100101100001010101
01011010100100011101110100110100
01011011001010010100111011001010
01011100000001000110111010000110
01011011000001000010110001001101
01011011000110101011010011011101
01011001111100011111000111101101
01011011010110110111000000000010
01011100010100111000111000010110
01011010101000101000010111110011
01011011110100110011001001000110
01011100011010000110001001011100
01011100001001010101110100010111
01011100000111010010100111100001
01011100000001010111000001110111
01011011111001000100110011010111
01011011110000100001110111100100
01011010100001010001010011001100
01011010001000101001111111100001
01011011101100110010011101111010
01011100000110101010011000110010
01011011000100100000100000111110
01011001101111100011010010011101
01011011110000110001010101110100
01011100001101100100001000101101
01011011000111010100111001100010
01011011100001101010011100110100
01011001110101100110111010101011
01011010111000011110010100100110
01011011010011101101000011110100
01011011011011001001001111111101
01011010000100011111110000100011
01011011110101000011101101111110
01011011111101001101111000111011
01011011010111111001111000101011
01011010101110011100010110001111
01011010010111011100110001011000
01011011111111000011101011101011
01011011000011111010011010100001
01011100010100000001001010000010
01011011000111110000100100000100
01011011011000111000011111000010
01011011110011010101111100010000
01011011100000101011101000000011
01011100001010100101010100111111
01011001100010001011000000011000
01011100011100111011010111000011
01011011001011010010001001100011
01011100001000011001010110000000
01011011011110110101101101011011
01011011111010001110111000100111
01011010101100100010110001100111
01011001101001110101010100111001
01011100100110010011101010000011
01011100000100001100001010100101
01011011100101001100100100101101
01011011100000010101000001010101
01011100000001000001100000011111
01011011101001010110110000100011
01011011100101010111110000010010
01011010110111110011011110101011
01011100000101100110000011011101
01011011101101010111010000010000
01011011111111001000110100100011
01011010100000110001111110101101
01011100001001101101000001111001
01011100101110100100010101111000
01011010111011001111010000011101
01011100000010010111101100011000
01011010101000100010100001001101
01011100010000000010100111010001
01011100000110111001100111111011
01011011101110111000010011101101
01011011100101010000000111101010
01011001100011000100101101101011
01011011100111100111111101101111
01011001010111011010001101000000
01011001010111111110111111010110
01011011000111010111010111001111
01011011101010000101100011110011
01011100000010001010001100001111
01011011101010011111011010100000
01011011101110100011111101101110
01011000111100111110100100011100
01011011100111110000101010111110
01011011110011010111101100010000
01011011111000100111111100010000
01011011000010100010010011110110
01011010010100011110011111000000
01011010100010000010000101101111
01011010011100011100101101101001
01011100100000110010101101110110
01011011101101001011101100001010
01011001100111001111100000011111
01011100000011101110111001111011
01011010000110011101000100110111
01011011111111100101000111101111
01011010011111101010110011100100
01011011001110011000000001010010
01011100000011000101001101100100
01011010110001000001000011100100
01011011000010100100110011010011
01011100010111111011010001001100
01011010110111010100011010011100
01011011000100011100001011110011
01011010110100001000010001110011
01011010100111110101010110110101
01011011100001011000111110010111
01011100100011011000010110001011
01011100011101001000101100101110
01011100001111010110010100011101
01011100001101011100101011111000
01011100001110110010101110111001
01011100010010100101001100100100
01011010111100101110101110000000
01011011100011010111000101101101
01011011100111010001010100010111
01011100001101010011110011011000
01011010100111111001110011010101
01010111110110000000000000011110
01011011101001000110110010101100
01011010100100011100100010000011
01011011101100111010011001000010
01011100010011010111100011101100
01011011101110100101110011001000
01011100000001101011010101110001
01011000001100100001001001101110
01011011011000111111101111010111
01011100001011010001111000100111
01011011011001010111110001001000
01011010000000010001011111010101
01011100000111000100101110110000
01011011110001110111010101000100
01011011010101001110110100010001
01011100100111001010101110110011
01011011001011000001000100111001
01011100001110000000100100111110
01011010011011100111000000101011
01011011010010110011001010000000
01011010001000001010100101101011
01011011101101100110010111110111
01011011001110011100101011000011
01011011101111011111111100001100
01011010110111011000110011000011
01011011100000000111011110001100
01011011111001111010110010000010
01011011011010100011010011011010
01011011000000111101100011011011
01011011110010001011010000111000
01011100000100011111100001110100
01011010010011000011010001001111
01011011001111010110111101011011
01011100010110100111011100110101
01011011101011101011100001000011
01011100001010101110010001001011
01011010010111000111001101110000
01011100100101011010000010001001
01011011001010110111011010011100
01011010001101110010010000010000
01011001000111011111100111110011
01011100001110110101011011111111
01011100000001110111011001101111
01011010010010001111110010110010
01011010111100111010000000001010
01011100100001100010110110010000
01011001100110101001011001110001
01011011000010100011010000011001
01011100001011100010011000000110
01011011111011110110101101010101
01011100001010011001101011000000
01011011101000100101000000111000
01011100101111111100000001100111
01011100000001100101010011000011
01011011110010001101111011000110
01011011001100110000101000101001
01011010110001100001001010011010
01011011011011001011001101011110
01011100000100011101100001110111
01011001100000101110000101011010
01011011011100100001101100110111
01011001111110011001010000000111
01011100010101010011000011011111
01011010011101111100100010110101
01011001100001111111000110011000
01011011101110000010101100110000
01011001110001110000101010101001
01011100011101110100010000100001
01011011101100000001011110101010
01011100001000100011000101111110
01011011101110001001000101010101
01011011111100111000010100011011
01011001101010110010110001100110
01011010000101110001010001101001
01011100010111000110111010100000
01011011101100110100101001111000
01011010101011100011011100101000
01011011000011000100010110111100
01011010100110011000010001010101
01011100000001001111101111000110
01011011100100110110001110000101
01011100001111010011000010110001
01011011011001101000001001011000
01011100001000110010100010001001
01011011000110100001101011110010
01011100000000010110010111000110
01011011100000100001010101111110
01010111111010011001110010011110
01011010010000011110001001001001
01011011000111110101010000001000
01011100010011000101101000111111
01011011010001011111100000101000
01011011000111000000000110100110
01011010101000001101011000101001
01011100100111111111001000110101
01011011110010000001010110111011
01011011010011010001111111111100
01011011101100111110001100001001
01011011010101000111100001000011
01011011111111000110000100000001
01011010101000011010011010111001
01011011011111111010001100000110
01011010000110010001100010100100
01011010001001110000100100111100
01011011100100010000000110100000
01011010111011110000111111000001
01011100011000000010100111100110
01011010101100110100110000101000
01011000111000100111000001110100
01011100000000111100010011111000
01011100001000010100001100001110
01011010110010111011111101001100
01011011100100001001010011100100
01011011010111000010100101100001
01011011101110111110111100010011
01011011010110010001001100100111
01011011000110110100000110101011
01011010010100000000010001111110
01011011100010111010111000111101
01011011111010101110110010101000
01011011001110000000010100000100
01011100000101100010000101010110
01011011000111111101001100001011
01011100001001000111001010011010
01011010110011100110010110001000
01011011101001110101001100000100
01011011101100001110101100101000
01011010011000010101011010111100
01011100011110011001100110010100
01011100000000010110110110011000
01011010101010110111001110000010
01011011101001101111100101111101
01011011010111000100110111100100
01011100000111001011100010100110
01011011010100100010011110000001
01011100010100000111110101100011
01011011100010110111000000011001
01011011101001001010011110000001
01011100100010100101101111010100
01011001101001001001000101111011
01011100000000010110001000100010
01011010101001100101011111111100
01011011010011010111001011110011
01011011110110000000100111000001
01011010010110000000001000001001
01011011100101101011010011101111
01011011100111000011110010111011
01011100000010111101101001010110
01011100100101011001100011010011
01011011101001000001111011100101
01011011110111010100110111101001
01011011110111011001001000101101
01011100011010010101011000101000
01011011001111111010011011001100
01011100000101000110101011110011
01011011001011011101100010100111
01011011110110010100000010000011
01011100011110011111100011011110
01010111110011111011110100001001
01011010111001111000111000011101
01011001100100101000000010110001
01011011110101011001111010111101
01011011101110101010100000111001
01011011010010101010010100100010
01011100001011011100001110010001
01011011000001110101101000100110
01011010001001010001111001000001
01011100010010000011010000111000
01011010110010110001110010011011
01011010011010110000111010111010
01011010011001010011011000111111
01011010000000001001001100010110
01011011101010010101011001100011
01011100110101001101011011011001
01011100010100101100101111111001
01011011100000111000001011001011
01011011011101010010111111001101
01011011011111010100100110111011
01011010100111010001010011101110
01011011010110101001101100100111
01011100001011001011101011010100
01011011010001000010110111010101
01011100010111011001110110001011
01011010101010101011100111010101
01011011110111001100000110001100
01011010110001101101011100110101
01011011100001101110000011110100
01011011101001110010100111110101
01011100000010001110111101011111
01011100100111011100000101011001
01011011110010110110100111010000
01011100001001010001100100100100
01011011001110001011101101010111
01011010010010011101101110000100
01011001101001111111010001101001
01011011000100000110100111100010
01011011001011011001010111001010
01011100000111100100010011010010
01011011100000111110101000111000
01011100001101000101000111111010
01011011001110111001001000100100
01011010001010101101100001000111
01011011101000101011101100110110
01011010101000001001010110101110
01011010100011000101100011011110
01011011100011111111011101101110
01011100011110001000000101101010
01011011001010001010010101001001
01011010101010110011110101110111
01011011101001100010111000110000
01011011101110010011111000010111
01011100000010011111110010110101
01011100000011101111011111000010
01011011010101101110000111110011
01011011110010100100100000101110
01011011110010010110111000001010
01011100001101101011111111100010
01011011110111100111000101111100
01011100000110101010111001011000
01011011100001000110111111110101
01011100000011111111001101000110
01011011011111100011000001010000
01011010101101111100101101001010
01011100000110001010101011101111
01011011000010101001101111110000
01011100000100000010111101110011
01011010001011100100001100100101
01011011010010001111011010011100
01011011101001100100010001000110
01011011011010010011010000001110
01011100001001000010001100111110
01011011010001001110011000001001
01011010101010010111010101110101
01011011101110100111001100111101
01011011010100000010101111000111
01011100000110100010010111100110
01011001101010000011001101100000
01011100000111110011010011010100
01011011011111111011000100110010
01011011110101010001110001100011
01011011010111010011111101011111
01011011010111001110111110010110
01011011110010110101111111011111
01011010100001110011001000000110
01011011101101011111101110001011
01011011000110110011001011110011
01011100101010001110001010101001
01011010110100101101100110100110
01011011110111111010101101000010
01011100000111101111001000100111
01011010010101001001101000101100
01011100001110010001011000000111
01011011101000111100000110010001
01011010111100001001010110101101
01011010110110001110000110101010
01011011000011110100010001110011
01011001100101110001011001010111
01011011101101001100101001010100
01011010100110000010000011001101
01011100011101010100000111101101
01011100011000011110110000100111
01011011001111011000000101110101
01011010001111001011011000110100
01011100010100000101001011010100
01011010010001111101110101110101
01011011011110100011101010011101
01011100010110001101011100010110
01011011101000001010001101111001
01011010110110100100111100110011
01011100011110011010111000010000
01011010110011000100100110100110
01011010001001011100001111000011
01011100001010101110011100110010
01011011100001100000110111100001
01011100001000001101011100011100
01011001111110101110001101111011
01011100000011100110010001100000
01011010110100010010111000001100
01011100000011001011001100111101
01011011011100000000101101001010
01011100001111010010101100001000
01011100000010001110000101111000
01010110011110100100011101110101
01011100100001110100011001101101
01011011011101010101100110010100
01011010110010100100101110010100
01011100000000000110110100010010
01011010000010011100111001010000
01011100010000001101010010001100
01011011100011001000100111111101
01011010100010101111011100010110
01011001111001011111011000010010
01011011101100011101100000101111
01011100100010010001011111111011
01011010111000010010101111010101
01011100011100010001010110011111
01011011110100110101000110101100
01011100010110110100001001001110
01011010000100011111111110011001
01011001100110010110001010001011
01011100001001110110110111100000
01011100010010101110010110011001
01011011011000110101110010100011
01011011010000000100010001100011
01011010100000010001100000000000
01011001111000101000011010011101
01011010111100001000110011000011
01011011001111010001101111100100
01011010110011100010000011000110
01011011110101000011010100011111
01011100100010111110000111111000
01011100000101110100011010100100
01011011001011000111000011111110
01011100011000111001011110111110
01011100000000111001010010100010
01011100010000011110011011000101
01011010101100100100110101110101
01011001011000111011010101011100
01011011111010100101010110011011
01011100011001001110101110100111
01011011000111100011001101100100
01011100001010001001111011000001
01011011110010100001101011111100
01011010110111011001110111100100
01011100001001001101100111001101
01011011101101100110011001001000
01011010000010011101100101100000
01011011101110011110011011000101
01011100011000100110111001011110
01011010000010011110011110000001
01011100001110011110000110011000
01011100100100101001111111110001
01011100000111000001010001000010
01011011101101000010101110101101
01011011101100100101011011001110
01011000110100111011100101111100
01011100011000001101110110111111
01011011111101001101001010010011
01011010111100011001011000110100
01011010010001011100011000001010
01011100011001110001101111001011
01011011100111111110101010011100
01011011010010000111101011000010
01011011111110110110110110101001
01011011111010100001101010101010
01011011100001100010010010110000
01011011100110111001001010111100
01011011100000011011010000000100
01011011011110101101110010110110
01011010111001001011011110100001
01011011011000100001010010010100
01011100110001000111100011010100
01011011101111100111000100011101
01011001100000111000000100100111
01011010001000100001001111000001
01011010010101111010011000000100
01011011001111001000000110101000
01011100100000000001011000101000
01011100001010101001000101000111
01011011000001111010101001000011
01011011001000010110101110011111
01011011100000101011111000000000
01011011010100001010010101100000
01011100000000011111011000101010
01011010101011000101111110101101
01011011011101100110010010001000
01011100100010101100001100100110
01011011110110001111001111101000
01011001110001000000110101100110
01011010011101000000101010000100
01011010010101101110000101000100
01011100010000000111110001000110
01011011100011101011001111100100
01011011100110010001010101110010
01011011001111111001111111000011
01011100000001100101011101011100
01011100000111101000011010000000
01011100000111101011110010100111
01011001001011101011011111000110
01011100000100100101101110101111
01011100110011101110001011110100
01011011110110000000011010001101
01011100001111001010000110100010
01011010100010001111110011100111
01011010100100011000000001110010
01011100001001100110010100110100
01011011011011110111000101101111
01011011010011010110111100111110
01011000110110010000001011111110
01011010000011000101110111000110
01011100011111001000110011010111
01011011100111100111100110111000
01011011010000111100000001011100
01011011110011100010100110001011
01011010111000011000111010101011
01011011101010101010000011100001
01011100100111101000000110111101
01011001001110110001011101011111
01011100000010101000100111111011
01011010011110100111011011111101
01011011110001000001000110110000
01011100000010000011011110101100
01011010100001101110000111101000
01011010011010000011110010001101
01011100000110010101111010010001
01011001110000000101000110000100
01011010111110011111010100110111
01011100001100110110100001001010
01011010111011010101110001111100
01011011101010100011111000011010
01011011110110011010010011101101
01011100100000111110010110011111
01011011101000100010110110101011
01011011100100110000010001110001
01011011111101100010010100011111
01011011001000001010001111011010
01011100000110010001100110001111
01011011000100011111111111000111
01011011011011001001011001100110
01011011011000101001000000001000
01011100000001010110111011000000
01011011101101010111011000011111
01011011001100000110000101000010
01011100010011101111100100101101
01011011101000101011001111001110
01011100010110011010001000000111
01011010110110011001110100100000
01011100000111111110011100011001
01011011000101111001010111111100
01011100001111011000100010000111
01011000000011010000110011101010
01011011000111010111011000100011
01011010001111001010000101010000
01011011111011100110010011111110
01011011100100010000000011111100
01011100001110111101001111010001
01011100010001011010001010000000
01011010111110001101010011100010
01011100000011000011110111110001
01011010100001000000101111101001
01011001111101110000101101000100
01011100000101111010001111000100
01011011100011101110110001111001
01011100000100101000010111111101
01011011001011001110010011011001
01011011000000110011101001001110
01011100010111001001110111111111
01011010110111100110000101001001
01011011101101110100011111011110
01011011100000100000010000000100
01011011110011110000101110000011
01011010010001100111101000010001
01011010110101101010100111010111
01011010110001010000010001000110
01011100000011000011100110101111
01011010100011111010000001110101
01011100011110101110001101001101
01011011101110011011110111011011
01011100000110110000110101011100
01011010011111001001101001010010
01011011000000101010100011001110
01011010011110111110011111111111
01011100100010000110001110001001
01011011011110100100010000000001
01011011001101000010110111011000
01010101001101000000000111010010
01011100000110110111010001000110
01011011111111001101111011101101
01011100000011001000111101110111
01011100001000101000101111101011
01011011100001001110100110100111
01011100010011010110111110111100
01011010011000000110100101001011
01011010001101011001111111110011
01011011010110000111110110000111
01011011111000110111110110101100
01011100010111111101011100111001
01011011001010110001100001111100
01011100100011001001001001000100
01011100000110011110101011000010
01011100010100100110000110101001
01011011101000110010100010111111
01011100111010000101110110010101
01011010000101101001011011000010
01011000110010111011011100011110
01011100000000000010111000001101
01011100100010000011011000100000
01011011110101101111011100110000
01011010110100010101110010111010
01011100000111000001101001011011
01011100001110110010001110100011
01011100001000010110100101011111
01011001111001101010010110100011
01011010101000110010000011000101
01011100001001100110011000110101
01011010111111101010000010000110
01011011011000001111110100100001
01011100001001100111101001010010
01011100000010101000010101110011
01011011100000000010111111111100
01011010000000001101000010111011
01011011000101010110010101111111
01011011111100111111101000011001
01011100000001001101010111110010
01011011011011001100000000000010
01011011000010100111000100010101
01011100010000111110101111011110
01011011100100000100010111011111
01011011011110110111100011101010
01011011111110001100100100100111
01011011110111111111111001000101
01011010110010111100111010001010
01011100011011100001110000101111
01011010100011110010110111001100
01011010111100110100001010100110
01011100100011001011010010110111
01011011011010110001100111101011
01011001101001101001111111010000
01011100010110011110111100001110
01011011100101000001001101100010
01011011000011011111101011001010
01011100000110100101111011101010
01011011000001110101010111001000
01011011100011110100110000001111
01011011110101010101001010101101
01011011111101001010100111001011
01011100000011110000111110001001
01011011110011000010000110110000
01011011101101100010000001011001
01011011010110011100000010111011
01011011010101001101001100101001
01011010100001001010111010000100
01011011101110000101111100000011
01011100101000010000100010000111
01011011010111010110110101000001
01011100011011001100100100001100
01011010111010100000010101000010
01011011000011110101001111100010
01011100001100111111101000000110
01011011010010100110111000000100
01011011000110000010111000101001
01011011000000010110111010100000
01011011100110111011111100010100
01011011001010110000011010100101
01011011101001101000010011010001
01011011101101110101101000000010
01011100001001011100000110010000
01011010011011110001011101110101
01011011010000111100111111000001
01011000001001011100110010001001
01011011100110101010111101111011
01011011111000100000000000010010
01011011010111010101101101001000
01011010011011101100110100011010
01011001111001001101000000010110
01011011011111110000101001100011
01011011100110100010111000010110
01011011111011011101101100000100
01011011110100001001010100000110
01011010010110000011111000010010
01011010011100101111000011010101
01011011110101111110001000101011
01011011111000000010001111100011
01011010100101101111101110111100
01011011101111001111000001101011
01011011100001101111100000011011
01011010011011100011101000110001
01011011100101100001110110000111
