01011101001010000010111111101100
11011100010010101010101000110000
01011101000110111000011011111011
01011100110111000001110111001111
01011101000001000100000010100110
11011101000001101010000010100101
11011100111101000110011110100010
11011100110011001010111011101011
01011101000110110011010001011100
01011100001000011101010001010000
11011101000100011100011101111101
11011100001101100111010000110100
11011100110000100100000101001010
01011100111110010101010111110111
01011100110000101011110000010111
11011101000010100011011100110011
11011100010111110110100111101111
01011101010100000101001101100011
11011101000101110111101101100000
01011100010111001001000000010000
11011101001011111010101101111100
11011101010110110010011001101111
01011101000111100001001011100001
11011011110000000001011010101111
01011011110011111000011011010101
11011100011001010110001000011000
11011100100101001011010010001000
11011101010011110000100010010010
11011100010111000111011000001110
11011100100000001100010110000101
11011101001011110010110111011001
01011100001000110101001101111111
01011100111100110001001000100000
11011100010110010101110101010110
01011101010111011011100010101001
01011100110110100011101100010000
01011011110111110110101100010101
11011100110100110000111000011100
11011101000111001011010100111101
01011101001111101111011110100110
01011101001101101101100000011000
01011101001101100101001101010100
11011100100010100001010011010111
11011101001010011000111001001001
01011100011001000000011001000001
01011101000111001110110110001000
01011101000110011110101011110001
01011100001101111010111001101101
11011101010001100001110000010011
11011011110001100101100100010010
01011100100001100100011100001001
01011101010010111101011100010001
01011100001011011100010100100101
01011100000101110101110111001101
11011100101101101010101100010110
11011100101011110010110001000000
11011100111111000101101010010010
11011100011000001100000110001110
01011100001010010001011110111011
11011101010010000011100001000000
01011011001100101111100111111101
11011100011100111001111001101001
11011101010011100101011101000011
11011101010100111111011011100010
11011100000110010101111010100011
01011101000110001001111010110100
01011100000011101000111000000000
01011101000100101100111101110100
11011011011111010111001100001101
11011101000010011001010010100011
11011101001100001000100110100000
01011100101010010011101001101100
11011010000101000101111110100111
11011100101101010111011111011010
01011100111011010010111000101111
11011100010111100011010100111001
11011101001100011000110000111000
01011100001011101010000110001111
11011100101010000101110000011101
11011101001101111110000110010101
11011101000110001111100000010010
11011100001011110011101000111110
11011100001000000000110000010010
11011100110011001101110000101100
11011101001000011101101100111000
01011101000100001000111100110101
11011100010000001001110110101011
01011101010110001000111010110000
01011100101101101101101000110001
01011100100010101101101011001111
01011101010010000100101100101101
01011100011100000001011001101110
01011101000001000101111000111100
11011100111010011100100001101110
01011101000111001101000110110000
01011100111100010000101011101111
11011101000111010001111111001101
11011101010110110110001101110110
11011100010011111110011000011110
11011101000100100100011011100101
01011100001011011011000011111010
01011100000110111001010110100110
01011101001010100010110000011010
11011100100111110000011011100011
01011101001110110100101110101101
01011100111100010100011110101000
11011101000110101100100101111000
01011101001111110101011001101110
11011100110000001011110110011011
01011101000100100101011011000101
01011101000110011100101011001110
11011101001010011001001010000011
01011100110001000001011110110000
11011100101101000000001001001101
01011011111001111001100011001110
01011011100100010110011110100001
01011101010101110110001010100100
11011100000101010010000101101010
11011101001001011001101100010110
11011100110010101001100100000001
01011011000001001110101011101101
01011100110010010110111100010100
11011100011011000101011000011101
01011011001001101110111110000010
01011101001010100010011111101001
01011010110111001110010100000010
01011101001000001001010110000110
01011100101101110110111010111011
01011101001101100110011100100010
01011101010101001001100101010001
01011101010111010010010111100011
01011100100111101111001001100100
11011011101011010101011001000000
01011011011001111010000100111110
01011101010010010110010111011010
01011101010000000011111110111101
01011100101010110110011011011111
01011100111000010011010111010101
01011100100001101110001101100000
11011100011101011110100110101101
11011101010001010011110011000101
01011011001001101000000110111010
11011101000000111101010111010111
11011101001101111011001111110001
11011100000110000111100111111010
11011011111010000001010110110101
11011101001111111010001101000000
11011011011010111011101110111111
01011100000101001101000101100000
11011100100110011111100111101000
01011100111100001101001011001011
11011101000100110111100111001100
11011101010100010000100110000110
11011100010110101111000010110010
11011100110000000010001101100100
11011100110100001110001000011101
01011101001100100000111000100101
01011101001100010110001111100100
11011100001110001100010111111111
11011100011001011111110010000011
01011101010110011001111111001011
01011010011000000110100111000000
01011011101010010001100011110100
11011101010000001011110010111011
01011100111010110111101010011010
01011100101010001111000010011000
11011101001010100111000001001011
11011101001111001110011100110000
01011011000100011111001001011001
01011100100010100000100100000111
01011100111001111000101000001010
01011101000011100001000101110101
11011101010010100101010011001111
11011101010100110100101010011010
11011011101101010111101001000111
11011101001011100101011010010001
01011101010111011010001011011100
11011101000010100101100101000001
11011100111100000110111001100111
01011100101000000100110001110101
11011101010101000111011110001100
11011101010110010010011011100010
11011011011010111100111000110010
01011100010010011011101111111001
11011100000111110001011001110010
11011101010011000100101111111011
11011100100110100000110110110110
01011100111001010001000011111000
01011101000011101001110000010000
11011101000010110011100000111000
01011011110001100000000111010001
11011100010010010100011011011101
01011101010101011100101110100011
11011101010000110011100000100100
11011100110000101011000010110001
01011011000111011000111010100111
11011100000001111010001101111111
11011100011110001100010110001100
11011101010000111011000110110001
01011100110011011101010101110101
