11111101000101110100110100010000
11111110001000110000110000001001
01111101101111111001011110000010
11111100000000010000000101000111
01111100010110110110101111001011
01111011110001001010100000110111
01111100010110110100111001000000
01111101011111100011010011101000
11111101100101100001010100001001
11111011100110011101101001011110
11111100011001111100000101011001
11111101110111111000101100111010
01111101000001000101011011101001
11111101101100011111010001100001
01111101101110110000001100010111
01111101100011111100001111110110
11111011001111111100100010001011
11111101001011011100010110111101
11111100111011101110101010111111
11111101111101011111000110011100
