11001110111100111011110110101101
11001110110100100100111010001100
01001110101110100001101010000110
01001101001101100001001010111001
11001101100000011000100110110000
11001110010110001011101100110100
11001100101000010011111111111111
01001101111011101101111010000000
01001110101000100001010001001011
11001110000110011011110101110101
11001110100110101110101100011000
01001110100001111110101111000100
11001110111001101000001001001010
11001110100010111001000100000111
01001110000111011010100110010000
01001101100011001100010111000010
01001110101011001001000101011111
01001100101011110101000001111100
01001101110110000010011000111110
01001110010011101100011010011001
01001110011000010111011000000110
11001110011000100011111100101000
11001110100010011001100011011010
01001101101000010001000101010000
11001110010010100001100011000011
11001101111100000110011001000000
11001110001001011111000011101011
01001101110111111000000101111000
11001110011001000100001101101010
11001101110111000111010101101010
11001101101111100010001011010111
11001110000011000001001000010011
11001110010010100000100010110111
11001110100111111001010101111011
11001101110011100011100001101000
11001101101001110011000001000100
11001110010101101011100101000101
11001110111110000000000111010101
01001100001011111101110110010000
01001011111000011001010101000000
11001110011110100110110001111111
11001101111110011100101011000000
11001101001111010001101011101000
01001100111010011010101000001000
11001110110100011100100100101011
01001100010011111011111110011000
11001101101001111001100010001100
11001011110001010110110000010000
11001110100010001011001011011000
01001101111001001001010100010100
11001010110111100011100111000000
01001110110001000011001111100011
11001101110000101011111000011001
01001101000001011010000001100101
11001101111101001000101011000011
11001110000101110100000001010000
11001101111010100110001110101011
11001110000010011101110101101001
11001101101010100111000100000011
01001110100110110111000000111001
11001110100000110011010010101000
11001110001011101110011000110000
11001101001101111010000001111100
01001100100010010100011001110010
01001101101010101010010010100010
01001111000111101001110111001100
01001101110000001110111010011000
01001110100100000000101000000001
11001101101000010000101011100000
11001110101011000010111000001101
01001110001000000110011011000100
01001110000010000011111101000110
11001110010011111010111111101111
11001110100000001111001110100011
01001110000011100010000110101100
01001110100101111010100011101010
01001101101000011110011000010111
11001110010010001001000100111010
01001001011000101011110100000000
11001101101101000110010110111100
01001110000110011011110010101010
11001101110101110100111111001101
11001101001100110101111010001011
01001110100100001010000001010101
01001110011111001100010110110100
01001101101101110000110011011010
01001101100101111010011111100110
11001110000000010010011001110001
01001110011101000110111111110010
01001110001011111111010101110011
11001110001010010011100001000010
01001100111001000101110000001000
11001101100010100000010001001010
11001110001101000001101101100011
01001101111100010110000110110010
01001100011111100101100000010000
01001110101111011111101010001011
11001110100100101001001110011000
01001101111100100110001111110101
11001110100011111010111010010111
01001110001110010110000011110111
01001110111111011000001000110001
01001110010100011001001001111001
11001110010000010011101111010011
11001110101011001101100111001001
11001110001101000110011001101001
11001101001011110000001100110100
11001101111000111100111101011000
01001101111010000001111101000100
01001101001100010111001100011100
01001110100101100000101000111000
11001101001000000001010111010000
11001100101010100000101111110000
11001110000010001111000111100010
11001110011011101101110110110010
11001111000001010100100101100001
11001110000111010001110100110111
11001110110010011101001110110011
11001110011100100100100110000111
11001101111000110110111011011111
01001110011111101001101101000000
01001101100000001000101101001000
11001110000011001011110010100000
01001110100001011110100111110101
11001110001110100110010110100010
01001110100010011111111111111100
11001101101000110000001100100100
11001101110011101111100111110010
11001101110111110011001101001011
11001110001100000101101000100000
11001101001100101111100010011010
01001101000001110001110011110110
11001101001011111000110001100000
11001110100011010110110110010110
01001101001010010110111011001001
01001101110100001100111100000010
01001110011100110011100001100111
11001101110000110111110100111010
01001110001011011101100100001111
11001101100100100101101111101001
11001110011010010010111101001100
11001110011101110111110111011011
01001110100101100001010111110000
11001101000100010010110011000100
11001110110001111001011100001101
11001101000111100011110100010010
01001110001100010001001011000001
11001110001010101011111101101000
11001101010100110111010111111000
11001101101101100100110000110100
11001101110000001011100111001001
01001110010010111011101001110000
11001110101010101100111111011111
11001101000000001110110011010000
11001101101000011000100110011000
11001110011100110010100000000110
01001110000010010011000010100111
11001110010101111100110000101011
01001101010111001110100011000000
11001011100010010000010110010000
11001110110100111000111001011011
01001110101111000101101111000011
01001110010101000000000000011000
11001110000100000111010001111011
01001100101111101100010010111000
11001101001111101111110010110100
01001100101111101110101111110100
11001110100111010011001101000111
01001110011001011001101101111011
01001101011010010011000111010010
11001101111101001100001100000100
11001110010010110010101000010001
11001110100010000000100101001010
01001101001111100100111011110100
01001101100011110110110110111010
11001111000000010011111100011001
11001100111000011011101001011100
11001101101100000000110001101101
01001110001101000101101110101110
01001101111000010110010010001100
11001100100101011000010100101100
11001110000100100000111110101101
01001110100011110111001110001100
01001110110001101010111100011101
01001100111000010001001100000110
11001101011001001011110111010000
01001110100111010111001011110010
01001110011111111100011100111110
01001100101110011011001110110010
01001110000100000100100011110001
01001110001000001110011100011011
11001101111000001001011011011001
01001110011011101101010100101001
11001101100010000001001010011100
01001110100010000100101011001011
01001100100110000100101010000100
01001110000010001000010001000110
11001110011011011010110010001111
11001110010100100111001100011100
01001110101111110011110000100000
11001110000001111101111101000111
11001101111101100111100010111111
01001101100001100011010010011100
11001110110011100101011111101000
01001101110000111101000101011000
11001110000100010001111110101100
01001110100010111000101110110110
01001110001100100110000111100010
01001101100010000000100010011100
01001100101110010101010100011100
11001110111110100011101100111011
11001110100110110100101011100001
11001110101010101111001000000011
11001111000011011001110010000011
11001110001001111110001111001100
01001110001101000110010000110111
01001101111111001000000011011011
01001101001001001101011111000100
01001101110101010010101011001001
01001101111100001000101100101101
11001110101001110001001000010011
11001110001011100110100001100000
01001110010101101110011101010110
01001110011000010101100111000101
01001110001001011101110010000001
11001101100110111110101010101011
11001101101000101101010111010011
01001101101111010100000100111100
11001110110001100110000100000000
11001101001110000111011000111100
01001110001111011101100000110011
11001110000001111000101011000011
11001110100100001110001001001010
01001110001101100100001100101100
01001110010010110001000110001001
11001100100100000110101100100000
01001101101100100010001100101100
11001101100110110111110111110000
01001100101010000010111010010110
11001101000101110001001100010001
11001100001010000001001000101000
01001110011010111000011010100011
11001110100000010000001111010111
01001110111010001011001011101001
01001110001111110111000101010001
01001110011111111101001011100000
01001110011101011100101001110010
01001110111001110101101000011111
01001100100010000101011011101110
11001110100110101010110001011001
11001110001110001000000001110001
11001110001101100110101101100001
01001100010010011100111001001100
01001110100010010101100111000000
11001110011111010101111100111010
01001111000000111010101101110111
11001110000100010101111110110000
11001101011100010011010101101101
11001110101101010111011010000111
11001101100001111001110011011100
01001110011011101000010101011010
11001010110101101011011110000000
01001101101011111010110000001010
11001110000011010111000011101110
01001110011000110010101001111111
11001110001100000100111111111011
11001110100101011110111100110110
01001110010010111010011100100111
01001101001101111010100111000000
11001110100010011011010011010000
11001101011111001011011110101011
11001101001101100101001000101100
11001101100110110111110100101100
11001110101101011000110111100000
01001110101011111110000101110011
11001101111111101100110100100010
01001101100110011111100100110100
01001110010001101011001111110001
11001101001101101111011110110110
11001110001111000000101001110001
01001110000110011000010110101011
11001110100000110011111000110100
11001110100100000101000010110100
01001110000101000101100110110101
11001110110010000110000000011101
11001101010001011001100101110000
11001110011111110110111011101001
01001110010000011110001011101010
11001110100010111111010010000011
11001110000001101011111000011110
01001110000010110111010111001101
11001011101011101111100101110000
01001110101111000001111101110001
01001110100110001000001010000000
11001110111001110111000011101001
11001101110010000011100001101000
11001110010001100101111100001111
01001101011100100111111011110010
11001110100010111001001100001101
11001110001101101001001001010000
01001101001100100000101110000100
01001110100011011011000110110101
11001110010011110011010100000101
01001110100111110100101000000000
11001110110001000000111001000011
11001110011000011111101000011100
01001101011011110011011010100010
11001110000111110110011100011101
11001110010001111111000100001100
01001110100110000100001010011001
11001110000000111000110101010010
01001110110110110010010101000101
11001100001011000100011000000000
11001101101000001111111000010000
01001101111111010001101111110111
11001101111110011100010100011011
01001101101001100100010101101100
11001110001000110100110011001011
11001110001000001001101000100001
11001101101010001000100010011011
11001101110001011110111011000101
11001110101110001001010110111001
11001110000000000011100100110011
01001110001110001000000010101111
01001110111000100011101101100001
11001110010010110000011001110101
01001110110010000110001000000010
01001010011100111010000100000000
01001101011010001001001010011000
01001110100000101000111000101011
01001101110010110111101100001110
11001101110001111011110100011000
01001011110000010100010001000000
01001110101011001101001011100000
11001110000001001110001001010010
01001100101000000111010100011010
11001110011010011111001000101001
01001110101000010111010101001001
11001101100000010001000100000111
11001101100001110011101100100111
11001100011000110000110100010000
01001110000111000001111011110101
11001101101110111000111011110101
01001110000110101011010101101111
11001100000100010111111110011000
11001110101001001100111110100010
11001110101100000010110111001111
11001110001011111001000000110000
11001101010011011011110010011000
01001101111011001001010000000100
11001110101100010101110100101011
11001110001001010100001111111101
01001110101000110101100000100010
11001100111000011101100001000000
01001110001010100100111101101001
01001101100110110111110110110011
11001100101000000101111000110000
01001101010010011000001010011100
01001101011111111011110000110110
11001110011110101101111110100001
01001100100010011110001010010000
11001110011110001110000000011011
01001110011101011001011100111110
01001101011011100111001000010100
11001101011010010110011100110101
01001101001101000011011110100111
11001111000001011101101010101011
01001110101100000001001111000110
01001101101000000000110100101101
01001110100000001001011100110010
01001110101010001111111001101101
11001110100100000000001111001010
11001101000101001101000000110100
11001110001001110100100011000111
11001110101001001101011011010010
11001101000111011001110010000000
01001110010000001111001100110011
01001101111011101101011110100100
11001101111110110010101110001110
11001101101000011000010001101000
01001110000101111111100010101001
11001110101101000000001010110010
11001101100100101011101011100000
01001110101001001110011000101101
01001110101100000000011100110000
11001110100101111111110110111001
01001110100010011001000111110100
11001101011010010101000101011001
01001110100010010111011110001011
01001101010101011110110001101100
11001100011110001010101010111100
01001110010000110101001111010001
11001110000111000000100110011101
01001110000011100100100000010100
11001110100100110111000000011000
11001110010111011101011011111100
11001100110100101101110011100100
11001110010011000110101111100100
01001110001010000010101001100101
11001110010011100100101000011010
01001110000110001101100010011110
01001101101110111011001001111010
01001101100111010111001110100111
01001101110011001101011000001101
01001110100111110011110101110110
01001101000111000000100111101100
01001100110011101000000100010000
11001110100000001100110100100101
11001101100111101101110111010011
11001101100100101000011000101000
11001101100001101100110011011001
11001110000000100100011001001111
01001110101100110011001110000101
11001110000111100110011000001111
11001110001000101110011000100010
11001110000111000010010110101010
01001110000101000101111010101011
01001110001111110100110110001011
11001110001000101110101000101011
01001101111011001111111000011010
11001011111101011100011001110000
01001111000001001001111101100111
01001110111101011100000100101111
11001110101010000001000001011000
11001100111110110111101010000000
01001110110110000100000101011110
01001110110000010111011010011101
01001100111000001000100110111100
11001110010101110101011110110011
01001110010011000100010101010010
11001110110011111010110111111111
11001100110101000000000110110000
01001100100010001011010010010000
01001110011101000011001011001110
11001101001010110101110000011100
01001110100011110001111011111000
01001110101011001010000001110110
11001110100011010011000111000001
01001101111000011100111011000111
11001100001101000000010110000000
11001100010001000001100001100000
01001110000111100110001111011010
01001101110111101010011010010110
11001101010011010001001001111101
01001110101100001010111100110011
11001110011110010101001000000110
01001101101011110101011100110010
01001110001001011100011010011110
01001101111100100100000011011000
11001110101001101000001100000111
01001100101010011010000111100110
11001110001000101111110110011011
11001101100010111000110010101000
01001110100110000111000011110010
11001101010011111000110000001110
01001110011100010110000001011001
01001101101010111110110011010001
11001100011001001101001011101000
11001110101000011110110010101000
11001100101100110100101101111000
11001101110101111001001000011101
11001101000110101110001100111100
01001110101111100010111110101100
01001101011101000101110100000010
11001110010111000011010001000011
01001110110100010000111000101101
01001110010000101001110010110001
01001110110100000011000111111001
01001101110010110010100110101110
11001111000010011101001000010000
01001110010010010001101010100000
01001101100110000100100010011011
01001100100101101011011110111110
11001110010001100000001001011100
11001110100110011001111101001111
11001100100110101000100110101100
01001110000001010011101000010010
01001110000100010110000111000111
01001100110111011010001011100100
11001110001011001011100011110111
01001110110100001000111000010110
11001110000111110110110100001101
11001110110100000101111100100101
01001110100011110011100001000100
01001011010001110011010100000000
11001110101011010111000100000011
01001110100101110100100110011000
11001110000000010011011000110000
11001101110010111010100111001101
11001110001000101000100000011111
11001110101000110100101010110000
01001101100000010001100111110010
01001110010101101000110001111010
01001101101010000110111000101110
01001110011101000110011011000000
11001100001101101110111101011000
01001100110011111100111010111110
11001101111100011111001011010110
11001101100010001110100011001011
01001110111010111010010111100101
01001101011101111100001001000110
11001110110010000001000110011001
01001110001011010110111100111001
11001110101001011110101011111101
01001101000010001111000001100101
11001101101011100100101100001101
01001110111011000101011011000001
11001110011001011111100001100110
01001110000001000011001101101000
01001110001010000001111011111110
01001101101010110011101110010101
11001110001110001110100011101111
01001101110101110000110010010011
11001110011011110000000000001101
01001101001010010001110100100010
01001110010000010110110100011010
11001110000110011110111110100011
01001110000100101000100011011010
01001110011010111110110000011100
01001010110100011110001100000000
11001101110010001010101000111100
01001101110111010001010111010000
01001110111001001011010101111010
11001110010100111110000101101000
01001110010000111011011111011101
11001100100110000110101111100010
01001100011101111100101110000000
11001110100100101000011111100011
01001101000101111111011100001000
01001110100100100011110110000001
11001110011010001011100010111001
01001110101100110100011011100110
01001110000011101111110100100111
01001110010010110011001001101111
01001100101001100000101111111000
01001101101100001000010111101111
11001011110100010101100110000000
01001101111001000101110011011111
11001011010100110000001010000000
11001110000101101111011110100000
01001011101101011010000000011000
01001110011000100100101001110001
01001110110001001111110100011000
11001101110100111000000001111110
11001110001101111100101110001010
01001110010100010000110100100101
01001110100011101100110101011110
11001110001110011011001010100011
11001101000011100010110011111110
01001101111001101100001011001011
01001101101000110011001001000000
11001110101010001101011111011000
01001110010110001001011110011111
01001110110000110010010010000010
01001100110010001111100011110000
11001110100010011010111001101111
11001110000110010001101000001001
01001110010101000111111000011110
01001110011001001011011010100110
11001101110000010010000110010000
11001110111010110011011101001000
01001110101001110100100010101000
11001110000100010001000110010101
01001110001110101111110010101101
11001101100101111111011010011000
11001110100000001010110011001000
11001110001011001011011101100001
01001110101001100111111000101010
11001101100011101010101011001110
11001110000001101000000011110001
11001110111101010101111110001100
01001101100011101011111100110100
01001110010001011100011110111010
01001101111010101001100010001101
11001110011001010101010111100011
11001110001000100100100010100111
01001101111010011001110000110111
11001110100001011110111110110001
01001101111110011100101010100001
01001110011000111110001101001010
11001100100111100111110100100000
01001110011111010100011111000111
11001110100100111100001101101011
01001101101111111010011011001001
01001110111011001001100101001011
11001100010001001011000111001000
11001110101001100101110101000001
11001110010011000111100000111001
11001101001000110010011010010000
01001101100011000110001111011000
11001100100111101010011101001000
11001101011101001011110100101010
11001101010011000111100011010001
01001110100000100010110001100111
11001110010100010111001011000010
01001100111001110011100011100000
11001110110001111011000111100000
11001110000010101000111000110101
01001101010000100110100000010110
11001110001011001010100101000111
01001101101011110001011000100111
11001101111010101101100000010010
01001100000110011111010011110100
01001101101001011000111001010001
01001110010100001111111011000110
01001111001001010000110111111001
11001110101101100101001011010001
11001110100000010101110001001000
01001101111110011000000010001110
11001110010110111000000110000110
11001010110101010010100001000000
01001101110101001010111011101001
11001110110100011111000101010100
01001101101111100100100001110001
11001101110001000001100111000010
01001101101001101011100111110010
11001110101000100001011000000111
01001110000111011011100001111001
11001110000110001100000111111110
01001100101001100010000011001000
11001110100100110111011011011111
01001110010011101010111001111000
01001101100110100111010001000011
01001110110001110001100110010000
11001110010010001111100100101100
01001101111000101111110110011011
01001101001111010010010111111000
01001101101101001010111111111010
01001100011010000111111000010000
01001110000010001111110101011101
11001110011001000111010111111000
11001110000100011010100101111010
01001101101000100111101000010101
01001101011100010010101000110110
11001110011011011000011000011111
01001110000011110101000110011000
01001101111101000101010001100010
01001101111111011000010011000111
01001110111100101000110101000000
11001100001011011101001001110000
01001100100010101010111110100100
11001101111100011001000111001101
01001101110101011000001011011000
01001110101110111101110000100001
11001110101101000011000101001001
01001101100101000111100100101011
11001101101110100010101011100010
11001110011100111001001100000011
01001110100011011110001010011110
01001101100101111100101010100110
11001110001100110000101100000000
01001110000111110000001010001110
01001110100011100110011110101101
01001101100111111110011001100101
11001101001110110010001010001001
11001101100010110101110010111110
01001101111100101111001100001110
01001101000111100110000111001000
11001101110000000010110000101101
01001110001001000001100110011000
01001110001011111011100001110000
01001110011101000101010101011011
01001101111101000110000110010010
01001110010011000001100010000111
11001101010000001110011101101110
11001110000110110000010001101000
11001101100111111001010100101000
01001110101000110000011111110010
01001011111000101110101101010000
11001110011100000010101010101011
01001110001001101101101101111010
11001110010111011101010110111111
11001100000010011011000111010000
11001110001111111010001011011011
11001110011011100001101010010011
01001101111000000110111111100001
01001110000000100111110101010110
01001110001011011000101110010100
01001111000011011011101011100001
11001101010110101100100110010000
01001110101001111110111000110011
01001110100110001011111000001100
01001101011100000110000011110110
01001110100100110001010001110010
01001110001100100011110110011001
11001110000111110000100100001110
11001101111001100110110110101011
01001101000011110010111100100010
01001101000011010100010011001101
11001110011011010010010001000110
01001101001010111001011011110110
11001110100010101010001110101100
01001110100011010011000111000000
11001110000101101011111001001111
11001101110011011001001101001010
11001110111001101110010000000100
01001101011011100101110010111010
11001101101000011110110101101000
11001110001010110011101001110111
11001101110100110111000010010001
01001110000001000000100101110011
01001110111011011100011000011011
01001110000101011101010010001110
11001101000010101011010010111110
11001011110100101011000110000000
01001110011011111011100101100100
01001110010001001010100101011000
11001101010000010001101011011010
01001110101111101101010111110011
11001101111000001101101100100101
11001110101001000010010111110100
11001100111111010000101000010100
01001110110100111101100111110111
11001110000010101100001000100110
01001011111011000101100000010100
11001111000000010001110101101111
11001110011011100110110011001100
01001110000001000010110100111111
11001110101100111101011111110001
01001100110000110011111101100110
11001110110110000100001010011011
01001110000011010101010011110101
01001101101010000101100010001000
11001101000100111010011101110001
01001110001111000011111100101110
11001111000001000101101100111011
01001101100110001011000010100100
01001110111101011011101011111111
01001110100010011010001100111011
01001101010001100010111100111100
01001100111110111010110110011010
01001101010001111000111011000100
11001110100001110010100011010000
01001110111000101111011100010111
01001110011011111010100000101011
11001110010100010011010010010011
11001101101000010010001000010110
01001011100100111000110000000000
11001110001010010110101001100100
11001110010110000001110110011001
01001101001110010010010011110101
01001110011101001010100100000110
01001101100111000111111001011010
11001110100101110111100111011110
01001110010010100001001110000101
01001110111000110101101011110111
11001110101100110101000101010000
01001110110111101011101110001100
01001101111000100011001100101111
11001101011100010010100110111101
01001110010110001011000000010101
01001101011010101111001111011100
11001110010010000110111011011001
01001110000000011110110111010011
11001100111000011111000111110000
01001101101001100000001100011101
01001110101000000000011111010100
11001110011001101101100100010111
01001100110001011010101001011100
11001110010100000111111101001101
11001110110111100011000010011101
01001101011110001110100101000010
01001110110101101100101001100000
11001110011010011000100010100000
01001110100011100101111111101100
11001110100100100101001110100010
01001101010001011011100001001010
11001101000100110101110100100000
11001110001111010111001011010011
11001101110110000100110110100111
11001110001011000000100011010001
01001101100101010111010101101000
11001101101011000001000101001110
01001110100011110000100011010111
11001110000111010000111010111001
01001110100110101001111000011001
01001110011111011000101110001110
01001100101101111111111010111100
01001110001010001010001101001101
01001101100101010110000110011110
01001110010001110001011101101100
11001110000110000001111100001101
11001110011010101110001011010011
11001111000111100011001101110011
01001110100110100111010001111111
01001101000111011111011001111011
01001101110010100101010010111011
11001101110010101000111111110101
11001110000100100000001100010101
11001110111010101111110101011010
01001110110001110101000011001001
01001101001010110100101000111110
01001110001001101111101000011000
01001110000001100001111011000000
11001101100000101101010110010011
11001101101100100110101000111000
11001101111000100110000010110100
01001110000011100001100111000111
01001111000001001110000011000100
01001100110110000000011100000000
11001100010010100010000111100000
11001101100011110010001100100010
01001101110111000111111011001101
11001110101001110010010100000010
01001110010000011011111100000000
01001110010111111001000100111011
11001101000000111101011100110010
11001110011001110001010110100010
01001110101101110101100101101101
11001101011010101100111011000100
11001011110011011111100111100000
11001110110000011001000010000001
11001111001000101011100111011011
11001100000011111000001101010000
11001110110110110110000101010010
01001101100101001001011101101011
11001110000001101010000001000001
01001110101100011000000110001100
01001110000101111100110101001101
01001110001010000000010000110111
11001100100110101100101001001100
11001101101110101111011100101100
11001110111111100100000000011001
01001110100010001010011101011001
11001101011011010010001010101010
11001110101000100010110110001000
11001110001010011001010111000000
11001110100001111001000101110110
11001110001000101100001010100000
11001100100100100101101000110001
11001101101100001101100100100100
01001100100001101010000110111100
11001110001101101100011100100111
11001110101100001100111010110000
11001101111100101001100001000100
11001101111100100000111100111010
11001101111001111011100010010010
11001101100110101000001101000011
11001110001001010001101011110100
11001110110010110110000001010101
01001101110001010001001100110000
11001101000111000011001000110110
11001110000111100110101101110001
11001110000110001001011000111000
11001110100011001001100110001110
11001110100001011100110001001001
11001101101100100101110001100011
11001110001011101110011100001010
01001110100010110001101100011000
11001110000101101000110111000100
01001110000001001111100010011000
11001110011001100010000111010101
11001110000111110101000100100010
11001110100011010011001100010001
01001110000011010000001010110010
01001110101111110011101000111111
01001110100100000011101011111000
01001110111010111011010011000000
01001110000011110011111110000101
11001110100101000000101000011110
11001110001100000101000100000100
11001110000100111101001010110000
11001011101001011011111011110000
11001110000001011100101000011000
11001100101101110101101111111100
01001110011110000110011011011111
11001110100000010001101101111100
01001110100010010000000111110101
01001110111000001000111010011100
01001101000100010011101110001110
01001110100100011100000011100010
11001101101110011100010111010100
01001101101001100110110101100100
01001110101111101100000101110100
01001110010000100101100111110010
01001101111011010110000001101111
11001110010011101000100101100001
01001110001101110011101010000111
01001100001011001101011100110000
01001110000111011111001011001100
11001101100011011100111100011010
01001101111000100100001010010001
11001110001101001101001100000010
01001101110000101101110000000110
01001110000101001010100110010110
11001101010001110010000101010110
11001110100101010000010001110101
01001011111010010110011001000000
01001101010111110001111010111000
01001110011010001011000011011011
01001110110001110001110011011101
01001101100110100101110001110111
11001110001100110011111011100111
01001101100000100000011011110110
11001110101001010111000101100100
01001110000100100001111100000000
01001101000011101000100110001010
11001011001100100100010000100000
01001110110001101100110101011111
11001101111011010001111011101100
01001110101100101110000111000010
01001110110001001000001110110011
01001100101010100110100110000100
11001110101001110011101100101100
11001101111011000000001000011001
01001101101111000001010100010101
11001110000011010000110100100011
01001101111011000101010001101010
01001110000001000001000110100100
01001110001101001010011110111100
11001100110101000101011010100000
11001110001111010100111101101111
11001101110010011001110000101010
11001110011101000111011000010101
11001111001010111000011110000011
01001101110000110010000011010001
11001101000000010111011011100100
01001101110011110010000011001100
11001100010001011000010110100000
01001110000011100000000110011110
01001110000111100010011010001010
01001110110001111110010100011111
11001110110110011011001010100001
11001110110001000001001011001011
11001101000011001011110100010110
01001110000001001100110111101000
11001110110010011001101010000010
11001110000110100011100000001100
11001110000001000010111100111111
01001110100110000111010101101100
01001110010111010000101011110000
11001110010110110101110000110001
11001100011111110111001010000000
01001110000100111111100111101000
11001101000000101010111110110100
11001110101000001010100110101110
01001101011011100110111011001110
01001110001100010111111001001110
01001101101101101111101111010000
01001110100001110011110111100001
11001110011110111001011000110001
01001110001000101100000011000000
01001110001001011010100100000100
11001101111111011000010010000011
01001110101001001001111000101100
11001101100100100110010111100101
01001110001100000101001000101101
01001111000001000101101001011001
01001110010101000111111100001011
11001101011100100001011100101110
01001110111000111101111101100011
11001100111111000101011001101100
01001110001100010000001111001010
11001110101000010110100110011111
01001110001010110111100010111111
11001110010000011000010000111010
01001110011110111100010001000010
01001110101010000001001111001011
01001110101001111111101101111010
01001110011001011101111001101111
01001110010101101101111011100001
01001110001001001101010100010000
11001100111010000001000011111000
01001110000000001111111111010011
11001110011000011110100111000111
01001111000011011010110110101100
11001101111011001001001010111011
11001110111100110101111010101000
11001110000111011000001010101100
01001101011101010010101110001001
01001110101011110001000111110111
11001110001110110011100000000010
01001110001000100101011110000100
01001110001101011111110101110110
01001110100000101000000111101010
11001110001010000110010110111011
01001101100000001000101001011001
01001100100000010000110101101000
01001110000100101111001111000010
01001101101011110001000111101111
01001101110111101011000011011011
01001011100001010111001011000000
11001110010101100010101111000101
01001110100010110101101100001011
11001101100010100000010111010011
01001101111101000100000110111110
11001101101010101011011100010100
01001110011111001100000100110010
11001110010111000101001101111001
01001101111001111110110110001000
11001101101110011100100100110111
01001100010001100110100101111000
01001101010101101111000010000110
11001110101001011010110011010111
01001110100110111101001000110110
01001011110100000011111000110000
11001110011111011110001001001111
11001110100000101010011111111000
01001101101101011001011100100010
01001110100000000010101111101001
