01001100100000110001101100011010
11001100001110010001011001100011
01001011001000010100111110000100
01001100101011000000111010001001
11001100001000101110111001110110
11001001111000010110001101001000
11001011001111010111000010001101
01001100011001101000100011110000
11001100101000110001010111110001
11001100011000100100111001001110
11001100100101011110010000010101
01001100010011110101001111101110
01001100001110001110101010110010
01001011100110011110000001111100
01001100101010110110010111001001
11001011110111000111011110110000
01001100010010011000101011010011
11001100001001111001010000010011
11001100010110011100010000011111
01001100101010001110100100111110
