01001011111101010100101111111100
01001100111010100101111111100011
01001100101100100001011000000111
01001100100101101010110101100000
11001100110110100001100000111000
01001101000101011110011110011011
01001100101000001001011000110011
01001100101011001100110110001110
11001100010001000100100010001110
11001010010010010101101001100000
01001100011110100011100011110000
01001100100110010100100010111001
01001100110000101110000010100001
01001100111010010000010010001110
01001100111001101010100101001111
11001011111001010101011100110100
01001100010011111000010110001101
11001011110111010101110010000010
01001011101000100000101011011100
11001100000001000110101100111111
