01011001100000110010010010000000
01011010001010000111010110011001
01011010001101000110000100101110
11011010010111110001110000101111
01011011001000000100100001101100
01011011001001101011011111001101
11011000110100011000000000111011
01011001100101011011011110011100
01011001110011111100110101110111
11011011011000010010101111100001
01011011001000010001100001010001
11011010001001001110100001111111
01011010100100000011001111100000
01011010110001010010000011111110
11011001011011010011001101001000
11011011011000110001110001001100
01011011001001010100101100000001
11011011001100100000001011101101
01011010110110100001110110000100
11011011001111010000011011100000
