11010000011001101010101001000110
01010000011000010001101101110111
01001111101001101111001000010001
11010000001110010011100100110011
01010000001011101010100110011011
01001111100001010001110010110110
11001110101011100011001000110000
11001111010111111010000001100000
11010000010110101001110111010100
11001111011011101000100111000100
01010000011100101010011011000010
01010000001100010011100101000100
01010000010111100110101000011011
11010000010011111101100001000110
01001111011101010010010000010110
01001111100000011010000100011011
01001111111111110001000101111111
01001111011001100010110010000110
11010000000011001001001100101111
01010000011000111010000011110110
11001111110011101101011100111001
01001111100011001101011111010011
01010000001111001110100001111010
11010000010001111110100100110010
11010000001010111100001011110100
01001110111111111011010011001000
01001011010100010001101000000000
11001111111110100110001000100010
01001111110110110101111011011011
11010000000000000000100111101000
