01001101010001011000111001010000
01010000000100010101010011110000
11001110010111111101011111001010
01001111110111100001100111101010
01010000000010110100101011000010
01001110101111100011001001101010
11001111010111001010000010101010
11001111100101001111101001110101
01001111010111001111011101110011
01001111111111000110110010100100
01001111010001010010100000110110
11001111011110011101101011100101
01010000000000010101000000101001
11001110100000101011000101111101
01001111110100010001001001111000
11010000000010011111100101001010
01001111101110101100000101001010
01010000000001111001100010010111
11001111101100101111001011000101
11001101100001100111111100110000
01001111111001100010000101101111
01001111100011001000010001111001
01001111110101011010010011110111
01001110000001001000110010100111
01001111010011111111100010010011
11001111110010011011010010011010
11001100111000001011001111111100
11001110111111111001001111101011
01001110111000110001000010011001
11010000000001110010001110101010
