01001111101011100000110000001000
11001111110110111011100001011000
11001111001101110101011110101100
01001111001101011010000010000110
11001110111001100100010001100111
11001111000100110000000010010101
01001111110111011110001101011111
11001111010000101110000001101100
01001111101000000101011110011101
01010000000010001101101111111110
11001111111111101110000011111001
11001111101001000010101100100111
11010000000000101111000111110001
01001111110000100100011000101000
11001111111001101000100110010001
11001111111110010010101001110010
01001101010010001110101101100101
01001111100100101101100100111111
01001101110011011001011100010001
11001111111110111101101010101111
01001111100101000100011001100110
11001111001100011010100110100101
11001111111101000010110110001100
01001111110011111000001111000100
01010000000100010110000100010110
11001111110100001010010010000110
11001111100000100110101101111001
01001111001111100111011011010011
11001111101110011000100001000000
01001111100000010001110000000101
