00000000000101011011010010100000
00000000000111100000001011000110
11111111111111011100111001011100
00000000000001011011001110001011
00000000000011010110110101111101
00000000000110010001010001001111
11111111111111001001010100100010
00000000000100000110100010000100
00000000000111000100100011010111
11111111111110111100110100001000
00000000000010100100101110111101
11111111111100110101001110000010
11111111111011110011010000011110
00000000000110111000000001001001
11111111111110000001101001011001
00000000000100100010100000111001
11111111111100100110101100010100
00000000000101111101001110000100
00000000000011011111010000110001
00000000000010001101000000101000
00000000000101101100100000101010
00000000000110010000011000010101
11111111111011011101001010111100
00000000000011000100110100001011
00000000000000010001001001100000
00000000000111100011000010111010
11111111111000011110010111110000
11111111111010001011101000100000
11111111111011101001100000100110
11111111111111000100110011011100
11111111111011110101010010010000
11111111111111100111011001010101
00000000000010010100001111101100
11111111111111010011110000101001
00000000000000010010001111110101
11111111111101000011001000000101
11111111111111000100010110111000
11111111111000110001101111101010
11111111111000111000110011000001
11111111111010101111101011111010
00000000000100011011101101101110
00000000000101000111000101101111
00000000000010110111000110100101
00000000000001000110110111001011
11111111111011100111000010110001
11111111111000111010000101010100
00000000000111101011011000001000
00000000000111101000100111010100
00000000000000110100100000111111
00000000000010111101100001100101
00000000000000000100100101101111
11111111111100010110100001010100
00000000000111101111100111111110
00000000000010110111110011100010
11111111111011001111100111001100
11111111111001000000101110110100
00000000000101100000001011010010
00000000000101010100011101101001
11111111111110101101001010110101
11111111111001101000100100111100
00000000000001011110111100110100
11111111111001100111110000110011
11111111111000111000001011100000
11111111111001001010000011011110
11111111111000011100001000010011
00000000000110101000101010110011
00000000000111100111101010100011
11111111111100111101100011111111
11111111111010011011011111010000
11111111111011010101010101010010
11111111111110010010001110011010
00000000001000001011110001011100
11111111111000111000000011110000
11111111111111010000110001100110
11111111111101000111000001110010
11111111111010110110010010001101
00000000000110100111100000011001
11111111111001011110000110010101
11111111111010010101100011100010
00000000000010010000111000100010
11111111111001111011011011111111
00000000000000011010010001010110
00000000000100111100100101111100
00000000000111100011110011111001
11111111111011111101011000010001
00000000000010100000010000000110
00000000000010010110000011010111
11111111111001001010100100111110
00000000000010100110011101100011
11111111111001100001110001000101
11111111111001110010001000011111
11111111111010000001101011100111
11111111111011111001000011101010
11111111111001100011111111010101
11111111111101101010111111010011
11111111111001000000101000010010
11111111111111110001111010001010
00000000000001111101010010010000
00000000000011111001111010011100
11111111111001101011001111110010
11111111111011011111000011000101
11111111111110000001010101111001
11111111111010011110101011101011
11111111111101100111110010100100
11111111111010101011010011110110
11111111111001011000111110001111
00000000000000001101100000100011
00000000000111011001000001111010
11111111111000100100100101100100
11111111111110010011101001101101
00000000000010100100000101101100
00000000000001011110101101100110
00000000000001001101001001001010
00000000000101000110010000101101
00000000000101011100001101001011
00000000000000001101111011010110
00000000000111010001011010111110
00000000000101101111001100111110
11111111111100010000011110000101
00000000000010010001010100100100
11111111111001111000101000100001
00000000000010101001010010010101
11111111111100010000000001010010
00000000000100000100011010110100
00000000000001110111010100110110
11111111111100111000010111110010
11111111111100110110010100011010
11111111111110001000110111001001
00000000000000111100001110001001
11111111111010101010001101111101
00000000000111100110010000000010
00000000000111010101001001100001
11111111111010001100011000001010
00000000000101011001111110111101
00000000000110011000101110010000
11111111111101101000101000100111
00000000000110010110010010000011
00000000000010100100000100000001
11111111111011110111011111101111
11111111111100100100010100001000
11111111111100010001000100000100
11111111111001110010011011111101
11111111111011100100011000001010
11111111111110110101111011111010
11111111111010100001100000111010
11111111111100111111111001011010
00000000000010001010001110000001
00000000000011101101100010100000
11111111111110111010100101010101
00000000000111110010111010100100
00000000000110111000101000011010
00000000000011100001100101111101
00000000000100001011000000011011
00000000000010010010111100011010
11111111111111100100100111000100
11111111111011111110011000000110
11111111111010100111111010110100
11111111111011101010001111000010
00000000000010000110000110110100
00000000000010100111001100101001
11111111111001001101110101110001
00000000000110111110111001001001
00000000000110111100001001100001
11111111111010111010110000011011
00000000000010101100001011011011
00000000000111111010110100111010
00000000000000001010011011000111
00000000000011010110000000100100
11111111111100001001110110001110
00000000000100111101101110101000
00000000000001001010100101001100
11111111111000000101011110101001
11111111111101100000111101011000
11111111111101001111110101011010
11111111111010111100010101111000
11111111111001001111000111111011
00000000000000101011110000111000
11111111111110010111111000111000
00000000000101101001100111000111
00000000000000100000001000100111
11111111111001000101000111001110
11111111111100101100101000001011
00000000000000101100011010001110
11111111111010111011111111000000
00000000000010111111010011011100
00000000000110110111010001000100
00000000000001011010111100111011
00000000000001111111101001011111
11111111111010100010000111001111
00000000000000100100111010110111
11111111111011010010100010111100
11111111111001110110111010001000
00000000000010111110110100010110
11111111111111000111101011101001
11111111111100101011111010010000
00000000000110001010011101111000
00000000000111011001110101111010
00000000000010001001100110000110
11111111111000111000111101100010
11111111111010010001011001011110
