11111111111111110101000001100000
00000000000000001110100001100110
00000000000000000010001001100110
00000000000000001000001111001110
11111111111111111011100011101000
11111111111111111001000111011000
00000000000000000111100011101010
00000000000000000011010101101011
00000000000000000010010101001010
00000000000000001101001101100101
00000000000000000001001110001111
11111111111111111010100001011101
11111111111111111000010001101000
11111111111111110111100110110100
00000000000000001110001110001110
00000000000000000000110011100111
00000000000000000101101000010101
11111111111111110010111101110010
11111111111111110110101111100000
00000000000000000111011010010010
