11111111111111111011110100110110
00000000000000000111100101000110
00000000000000000011000101010011
00000000000000000000011101100111
11111111111111111100011100110011
11111111111111111010011110101111
00000000000000000000111011010111
00000000000000000000111001010100
00000000000000000110000101101111
00000000000000000101111010000110
11111111111111111010110101110110
11111111111111111100100110010011
11111111111111111001101100110001
11111111111111111011010001001100
00000000000000000111110011111101
11111111111111111001111100111000
00000000000000000010010000101001
11111111111111111000111011000011
11111111111111111000111011011111
00000000000000000100001000100001
