11111111111111110111011000000101
11111111111111111101001010001110
00000000000000001001111101111010
00000000000000000000101100100001
11111111111111111010001111100010
11111111111111111011101011001000
11111111111111110110100010110000
00000000000000001100110011001101
00000000000000000000001000101100
11111111111111110100101000111010
11111111111111111001111110100010
11111111111111110101101101011101
11111111111111110110011000101010
11111111111111111110000110010111
11111111111111111101000101011111
00000000000000000000111111010111
11111111111111111111111101001100
00000000000000000101111010111110
00000000000000000000000001000010
11111111111111110011110001111011
11111111111111111011110011000001
00000000000000001000110010101011
11111111111111110111100000000101
00000000000000000111101010001000
11111111111111110100100000110011
11111111111111111010010100111111
00000000000000000101110010010000
11111111111111110101101000001010
11111111111111111101010001010010
11111111111111111011110110101000
00000000000000000001001111010100
00000000000000001001011101100001
11111111111111111111000000000100
00000000000000000111101011010000
00000000000000000100100101011111
11111111111111110100000001100010
11111111111111111001111111101100
00000000000000001100111111001110
11111111111111111101110110010100
11111111111111111100110010010110
00000000000000000111101100011111
11111111111111111110011100011001
11111111111111111100010100111001
11111111111111111000011010110010
11111111111111111101010100011100
11111111111111110111110110010010
11111111111111110011101011000011
00000000000000000010110010111111
00000000000000000101100100001000
00000000000000000101011001011001
00000000000000000010101110010010
11111111111111110100010011001101
11111111111111111111111111001011
11111111111111111110001101111010
11111111111111111110000100101111
00000000000000000100101100110110
00000000000000001101101111101111
11111111111111111101001101101111
11111111111111111111110110110111
11111111111111110010100010001101
11111111111111110010110110100011
11111111111111111111011100111100
11111111111111111110000100001011
11111111111111110111000110101000
00000000000000000000100111011010
11111111111111111100100011011011
00000000000000000001000000001111
11111111111111111011010010011010
11111111111111110100111011110001
11111111111111111101100000011000
11111111111111110101101101111110
11111111111111110100001010011000
00000000000000000001100001111101
00000000000000000010011001000011
00000000000000000000101010100011
11111111111111110110010100000110
00000000000000000010001011011100
11111111111111110011011011011100
00000000000000000100100110011011
00000000000000000000100110001000
00000000000000000111001100001001
00000000000000000001111001100111
00000000000000000000111101101011
11111111111111111100111001101100
11111111111111111111011001000001
00000000000000001101010100000001
11111111111111110101011110001010
11111111111111111010110111101010
11111111111111111011100101010111
00000000000000000101101001011101
00000000000000000101100010010000
11111111111111111111101001001011
00000000000000001001111010101101
11111111111111111111100001010000
11111111111111111001010011011011
00000000000000000001011111111011
00000000000000000001011000011100
00000000000000000010110001111011
00000000000000000011001001000100
11111111111111111100011000001110
