11111111111111111100001110101001
11111111111111111101110101000100
11111111111111111010001001001110
00000000000000000100000000100101
11111111111111111101010111110011
00000000000000000100000111011010
11111111111111111110011011100010
11111111111111111111001111001110
11111111111111111111011111101001
11111111111111111100110100010010
11111111111111111000001000110000
00000000000000000000110111111011
00000000000000000001101001110011
00000000000000000110101110011010
11111111111111111100000000100010
11111111111111111000001011000010
00000000000000000110110101001101
00000000000000000001001011110000
00000000000000000000100010010101
00000000000000000110101011010101
11111111111111111101100110101101
00000000000000000101100011011001
00000000000000000010101001110110
11111111111111111110010000111110
11111111111111111101011100110011
11111111111111111100110100111001
00000000000000000100000011101001
11111111111111111101010100110101
11111111111111111011010101000110
00000000000000000110111011001101
11111111111111111111110100000101
11111111111111111111100011010011
11111111111111111101100000101011
00000000000000000010001000011011
11111111111111111110101111100110
11111111111111111000101111000000
00000000000000000001001100101100
00000000000000000011000001111110
11111111111111111000110101001101
11111111111111111000000111100000
11111111111111111110111001001000
00000000000000000000111010111011
00000000000000000000000000100101
00000000000000000001001001011010
11111111111111111110011101110110
00000000000000000011100000111010
00000000000000000000111100101011
00000000000000000101001000110000
00000000000000000100000000100010
11111111111111111000111010101100
