11001110100001010100111010100000
00100101011011011000010011101000
11100001000111000110110100100000
00000101101100101000100010000000
01000101001110110110111101000000
00001000011011100111011011101000
00010111000011011011110010100000
01011101110000100100010001101000
00110111001010011100001011001000
11010011001101001110100010101000
01001111011101110100011001001000
00101011010000100101000010001000
01010001010000001100100100100000
00011001110111010110101010001000
10111011101110001101011110001000
10101111111010101101000110010000
11110011100100101100110100010000
00011001100001001101010010100000
11100101011101001111100100101000
11001110110000010010101100100000
