01010001010010001010110111100100
01010001010010001010110111100100
01010001010010001010110111100100
01010001010010001010110111100100
01010001010010001010110111100100
01010001010010001010110111100100
01010001010010001010110111100100
01010001010010001010110111100100
01010001010010001010110111100100
01010001010010001010110111100100
01010001010010001010110111100100
01010001010010001010110111100100
01010001010010001010110111100100
01010001010010001010110111100100
01010001010010001010110111100100
01010001010010001010110111100100
01010001010010001010110111100100
01010001010010001010110111100100
01010001010010001010110111100100
01010001010010001010110111100100
01010001010010001010110111100100
01010001010010001010110111100100
01010001010010001010110111100100
01010001010010001010110111100100
01010001010010001010110111100100
01010001010010001010110111100100
01010001010010001010110111100100
01010001010010001010110111100100
01010001010010001010110111100100
01010001010010001010110111100100
01010001010010001010110111100100
01010001010010001010110111100100
01010001010010001010110111100100
01010001010010001010110111100100
01010001010010001010110111100100
01010001010010001010110111100100
01010001010010001010110111100100
01010001010010001010110111100100
01010001010010001010110111100100
01010001010010001010110111100100
01010001010010001010110111100100
01010001010010001010110111100100
01010001010010001010110111100100
01010001010010001010110111100100
01010001010010001010110111100100
01010001010010001010110111100100
01010001010010001010110111100100
01010001010010001010110111100100
01010001010010001010110111100100
01010001010010001010110111100100
