00000000000000000111110101101110
11111111111111111110110011011011
11111111111111111110010110011001
11111111111111111001100000111110
00000000000000000111001000010000
00000000000000000101100010001110
00000000000000000101001100101110
00000000000000000000101110100101
11111111111111111111111010100011
00000000000000000011000011001001
11111111111111111001100101111100
00000000000000000111100100111111
00000000000000000111001011010011
00000000000000000000101011100110
00000000000000000001011101000111
11111111111111111100110111010001
00000000000000000001111100101000
00000000000000000100101100101111
11111111111111111110100000101111
00000000000000000111001011000010
