00011100101110110011001000000000
01010011011101011000111000100000
01110100101101110000000011100000
00011000110101101010011010010000
11010110100001000111100011001000
00100101111101100010110010110000
00111101110111101000101101011000
11111011100001010110010001000000
10101101011011111010110110000000
11000110001001110101100010101000
11100111101101101001001101010000
10100000000101001000010111111000
11111101011101100000000000101000
11011011001011001110110100111000
10100111111111000111001101110000
00111111111001010010110001100000
10100001001011100010101010001000
10001100010100001011111000110000
01111011110000011111001011010000
11111010001111100011011110111000
10011011101101000011110010011000
10111011101101010011001000000000
00010100110001001111010010110000
01100011010001010111011000111000
01100010011011010000110110001000
00011100101001011101000111000000
11110101011100111000000001110000
10010110110010101011001001011000
00000010100001110101101100100000
10001011100100100011001111010000
01111010110111110110101111001000
00010111101010111101101100010000
11101000001000110110101000010000
00010001111001010100111111001000
11100110000101011110000001100000
10111000000111010110100110110000
01101101100010011001010111000000
00100111011110000110100000001000
01110010100111001101100110101000
10100111001010111110011110110000
00100010001110010101011100011000
01011000000000010110011101101000
01011101111100010000110110000000
10111000001100011001001101111000
11011000100000001110000000110000
01010110011001111101100001100000
01010101110000001011000110100000
00011110111010000010100010100000
11101100100110001101011111101000
11101011001100110100010001110000
10101010100000101111110010000000
11111111001000100001101001010000
01001100001100011101110100010000
01100111100011100110001001010000
11111100000011111101001011111000
11010011111010101100100110000000
00100101101001111111010000110000
00010011100001111101010000010000
11011100111001010000111110001000
10100101010101111011011000000000
01010001111010101011010010100000
11010111110010101010111010011000
01111010100100010101111001110000
01101010101111011010110011111000
10001101110000001101101011000000
00010010001111110000011111100000
01000000001110000000101001011000
01010000101111010010000001000000
00010000101111100110011101100000
11100010110011110000100111101000
11000110111011011110001010000000
10111010011010101001001010001000
01110101000011101001110010111000
10110111000010011110111011011000
01100001000111000000111011000000
01000100010111011001111111100000
10000101011000010111001111111000
01011101100000101110111000001000
11110011110101111100000000010000
10111110101010011000000110000000
11111100110011001110100110101000
01100010000110000101110000111000
10110001000010110101110110001000
00011001110001010110100100101000
00100100000101100011011001001000
00100001101011101110010111010000
00001111100100011101000101010000
00010000100001101001011000000000
10011111100010011010111101010000
11000001111110100101000111010000
10001001100010011001101001110000
00010110011001110100100111011000
11000101010001111101111101011000
00111111000101001111001111000000
10111111001111110101011110000000
10001001001101100000001010111000
11010001010110000001000110000000
11000100111011101011010111101000
01001001011101101101011010111000
00111011110110010010000000011000
00100100101001000101100011000000
00101010111111000000000111011000
01001010100100010101111111011000
01001101010100011101100001101000
11111001110011011000101111000000
01101001011100101111010111011000
10101110010000000111101101100000
01111000110000001100000110011000
00100010010100000101000001011000
00010001001100100000101001110000
10001110101010110110111111001000
00111000110110100011000001101000
11110101010011011100001001001000
00101101010100010111100001101000
01010010000101100011000111111000
11010100100010100111111011000000
11100000110111111111111000101000
01111110101101011110011100001000
01001000101000010010101111001000
01111111011101010010011010010000
10111001110000010100011010101000
10000101010001111111101001100000
10000000111111000101111011001000
01110000111100011010001001000000
00010101000110110001000001101000
10111001110000000101010010100000
01011110110111001011100011110000
00010000011010011011110010110000
00011101110111000111101000010000
11101011000100000010110111011000
01011100110110101011001111111000
10110111001010010101110001011000
00011111001111111010010111000000
00101110111111110111000010110000
01110110111111001101101001100000
10010111101010001101010110110000
01010110110010111011001110111000
11001110110000110011110110010000
10010110110001010010101100100000
01101100110001111101001011100000
01100110011101010010001001110000
11000100011110111111101101011000
11010111110101001001101111111000
11100011000110111101100010100000
00101011110111011100111001111000
10110001100100000001000101000000
00011000101100100110010011000000
10011100011011110110111110101000
01110110111001110111100101001000
11010011000111001000011101010000
00010000101010100000101000011000
11111111101101110011000100110000
11111100100000011111110110010000
00110101000100101000101111010000
11110101101100010100101100101000
10100111000111011101110110001000
11101111101110010010101010000000
00100101000010101101111111010000
11011001011111010111111001111000
11111011100001110110011110100000
01001100101010000101000101100000
11001100000110010000011111100000
00010001000111010011100101111000
10101111110100010011101101011000
11111011001111100100001110010000
11001001010100111100010010010000
11010111111100001001110011010000
00001110000101010111101101010000
10010100000000011011001101100000
01100000110101001111100110000000
01110101011100000010011100010000
10001010110110101101100111000000
11111000110000000001001000100000
11100011100101111110010000101000
11011100010100110000101100100000
00001011100010000101111110010000
11001111000111100011000011011000
10010111010101001011010010100000
10100110010111000110010110111000
10011000001000011111110110010000
00010011010011000010010101000000
01000000110010110110100110110000
10111011101010100001101000110000
00111001111000111101011010011000
00000111011011111001000000111000
01010010010001100110100000000000
11011001000010110111011000111000
00000000111001010100111011000000
10000001110110000011011011110000
00100101011110111010101001111000
01011011110110111111111010110000
10000010010100000100011100010000
10111011101110011011011111100000
00101011011010000000001101000000
11101101110010001000010111110000
00100010111110111000000100111000
01101100010101000011000111110000
00100101100100111111111111010000
00110001011100010100001111000000
10100001010110110000110011000000
10101011010011001110110000100000
01010011111000000011011110000000
11111110000101110010001000011000
10001101001000000010001110110000
11000000000011001011110100011000
01110011111000001010011111110000
00000111010001101011101111001000
01000101100010001011011111000000
11101001000101000000011010111000
00100010110111101001111110000000
11011000001111101011111101110000
00101100000000011100100000100000
11000100011111010110111101110000
00000101111110000101100100110000
01110101001011001001001100010000
00111111000011101010011000000000
00100010010110101101101110101000
10100001000111010111000001011000
11100010110100011000001111000000
00001110100100110101011101001000
10110111111101001111011101000000
10101000011010101000101010110000
00100000100110000010001010001000
10101111000101110001011101000000
10000101101101000010101000010000
01110110100110001010111000010000
00111111101111100110111001001000
10100000010011000111111101011000
11011111101010010011111000110000
01101001110001010000110011010000
01111101011101011001010100000000
11010100110110111100100111101000
10101111001100110001100101010000
10110101011001111110001101000000
11101011011110111101110100000000
00100100010011110000010011000000
10110110001110000001010000100000
10001101001111000110011100111000
11110100101000100111101101000000
00100110110000111111010001010000
10011110111000101000101101101000
00000101000000100001010100101000
11110001100001010110011000001000
10000100101100010111010011110000
00010111101001000100011111000000
11011111010100111011001100110000
01111100001000111111000100000000
00101101000011110010110010111000
01001000001110100100110101100000
10001001001110001110001010100000
10001101010100111000000011100000
01011100001011110100101011001000
11101111001111110000011111001000
01101110000111011111001001010000
01001000111110111001001001100000
01111101111110110001001101110000
10101000011100011111100100000000
01110100111110100000001110110000
11110100010001110011110011100000
01110110101011100010010001000000
10011101011111101101001001100000
11000000001010010010101010011000
10001110100111000011101000111000
00110101011100000000111010110000
01001110011110110000100011010000
01010011000000111000110010010000
11010111011101011110101000000000
11011110000111111000111111110000
11101110011001001100101000000000
00010110101011101101100000110000
01010010100010000010010110100000
10111111010110000000001101101000
00001110001111001010000111111000
01001001001010010011000011000000
11110011100110110001011010000000
00001110001001111100101011010000
11110001100110011001110100100000
00110011000010001011111011000000
01101001001110100111100000110000
11001000101011001011111000100000
10001110010000011010010111100000
01001111001100010010000000100000
01011101110111010110101000100000
10100101110000111000100001000000
01010100001101111110111000001000
01100101011100100111011111101000
00111010000000101111100100000000
00010100111101110111010111011000
00010110101010010000111011100000
00110010011111100010010001101000
01000110111110100011010001110000
00011101100111010110100110011000
00101000100100110110000100000000
11110100100000011110000011100000
11111011100111111000101001000000
01000011101010110101100000010000
11001110000000010101110100101000
01100111001010101111101010000000
11111101000010010010000100100000
00011100101100011101100001011000
00101001101000100100011011000000
10000100111011001100101110100000
01010010111110001101101111100000
11111010010010101111001000011000
11000100101111000100010001110000
00111011000101101011010010100000
10101111000010100001110010100000
10001011101110100100011101000000
00110001110101111001101100010000
10101100000111010001011111111000
10101011111100101011000011001000
01001011111110100010101001010000
10010011110000001001110010111000
11110100101101000110011101111000
01011001111000001110101110000000
11001111111100101010101101010000
11110000000001101100101000011000
01001010110111100110111100010000
00010000010110011110001110011000
00011011010010101110001001000000
00010001001011101000100001010000
01111010101110001101100000010000
00111011000000101001101111110000
01101101111100111010110010111000
01010011001101010110110000111000
10101100001010100000101100001000
10110010100010000010001011010000
01010101000110010101110111010000
11101000010011111000111000000000
01010111101011101011011110100000
10000010010010001101101111010000
00010010011111001011000001111000
10000011100111010100000000110000
00111011101011111010001101110000
00000110101101001011000000011000
01001010001111000100011001001000
01011011111101110110010100101000
00001001011001011111001101001000
01010001100111011011001100110000
00111101001100001111111111000000
11101100010100001000011000000000
01110000100010000111100000001000
00011000101100010010001001110000
11001100001100100010010100001000
10111100010110101110111010101000
11011101111111000010010011110000
01000010111110011000101101100000
11000111110001110110111011100000
00010001111010011100011100001000
01000111000111110011101110010000
00001001000100100110110011111000
01100001001000001000111101010000
10000010011001111011101011110000
00011010000001101011001000100000
00001011000100101111011100000000
01101000110110000111110100010000
11110111000001100100101101000000
11011011101011011001000101010000
10111110010010010000001101101000
10010110010101110000000111010000
00011100111011101010010100100000
10011010111010111101011010000000
00001011111000111010001111111000
00110101100011000111100011100000
00010100001011100111110110110000
11110101100101111101101111000000
11100000010001001011001101100000
01101110110100000111111110000000
00111101001000001001100110100000
00110001000101101110010100111000
01110110110000111110110101101000
01010110000010000111111010011000
11100100110111110101111101000000
10001011001010101010101111011000
10010110110010100101010101111000
01000010110010000011001110010000
10101000001110011010100111000000
00111110100111011010100101110000
00110010010000101010010010100000
01011100010110011011010100011000
00111110101010100111110111110000
00011001011101011100111000110000
01011010101100111100111000011000
01001110000100110000001110101000
10000010101100010110001110110000
01010011000101110100001110110000
01111010011011011001110010011000
00010100001000100011100001000000
00100010010101100000111101101000
00111000101101101110101010010000
11010111110110101110010110101000
10010111100110100010111011011000
11110001101101111010101100101000
11010100001000001101100110100000
01111100110000101101000000111000
11001000001111011100100010111000
00101110101000111111100010000000
00111001100101111000101000000000
11000010010011000011011011110000
10101110000101011000100000011000
00101011101100011100001011011000
11101010001001100110001111111000
01010010111100011101000011101000
00011001011011101110101011110000
11110011101001100000001011110000
01111001100101011011001110100000
11011100000000001011011001101000
11000011100000011000000011101000
10001010010000110011000000100000
10010000100100011111011000010000
11011001001101000101011000100000
10111011000111110000100010011000
00010000111111101011100110001000
01000000001001001101001011000000
10101101101111100000010100100000
10011000111110101111010100101000
11011110110010010101100001110000
11110101101011011001111100101000
10000110010011111000110110000000
11011111010010000001001101000000
01110110010000110001101101100000
11011111000100011100111011101000
10010000101101100010010000110000
00001011001111110101100011111000
11110110100010111100010010100000
10100001100010101001000011010000
11101010100110100000010111001000
01110011110000001111010001101000
00001111001111000010100011110000
01001101110000001100011111000000
01001001010110000011011000101000
10101100101010110101000101101000
11000111010010110101100001010000
00101001111111011000001011001000
00011010101001111101101111011000
00011001000001001100111001110000
10100010111101000010111101001000
11111101101000110111111110001000
10000011110101011100000011010000
10001100000001111011001101101000
00011010010101100001000101100000
10101100110001010111100011101000
10111000001100100100110101010000
10110110001110111010111001110000
10101001100101111000010110100000
11000000010000001000111111101000
11001000111011111011101111110000
00011111110011010001001110001000
00000101110101111110011101011000
00100100111101110010101000010000
11100011111101101010100010000000
00001001111010110001001000010000
01101001011110011101001101100000
00010111111111110001000010000000
01101001101101000011110001010000
10111110010010111011101110110000
00000111100101011011000001100000
11000000110101010110100001110000
10111110001100000101001100000000
00100001010111101100111000010000
00110100111110011001011001011000
00011001101010101000100001010000
11110111110010011110001111010000
01111001101000101100011001010000
01100100000100000010010110001000
11000101011111101110010001010000
00100010101101111000111111100000
10010010111011110101101011101000
10110101101110100100001101100000
11110110100101010000001011000000
11101000011000101000100000011000
11100110110011101000110011000000
01100000110110010001010110101000
10010000100111110001111101101000
01000011000010010111100101001000
01101010111001000010111001110000
11111011011110011010001110011000
10110110001100101011110010000000
01100111110100111000100011000000
10011011101010001101101110100000
00100000000100001111001101100000
01010000010001111010100001010000
00011101000111010011101111100000
00000110001000100010100000101000
11100100110111001100000101010000
00000011110100000001110100001000
11111110001111101010100010000000
11100000101011100011101001010000
10000110101110110101101000010000
01010000110001001010010011100000
10001111001000001011111011010000
10000110110100000010010101000000
11111011100100100010001111010000
10001000110011110011001101011000
10100100000011110010011010100000
10000010110011110111100100000000
01011110110011010111111011110000
00000000010011000111111001110000
00110100100000011110100110101000
00110011001010110011100111010000
01011000010000011100101011000000
10101110000001101101011000011000
01110011110101111011010101111000
11010011110111001111000001010000
11010110000101000010011100010000
11010001100111010010110100101000
00111010001010010101010111001000
10100101011000110010000110001000
10101010000110110101000010011000
10101011101100010110001011000000
01100000000110011101111010101000
00000010001111111101111010101000
01101110110001110001001001000000
11110101111000001001110100001000
11010110101110110100011010101000
10111000001001001000100100110000
11100111100011100111011110010000
10011101110011110101101100000000
11010100010100011111000100110000
11011011010011000011101111110000
11111011011111100110011101100000
00000011000011101110101111010000
01110100101111110001001010111000
00111100011011110001001011100000
01000011011110000111001010101000
10110000001111110001010111001000
10100000000100101011101101010000
01110110011010010011001111010000
10010101010111101111111001110000
10010011011000111000101010101000
00010010100010100001101001101000
10110001110010010110100011110000
00010001101111110010000010010000
00101001010000101001001001011000
11011110110101010010110100010000
11101010111010010101110110101000
11101110001100100101000101011000
10100101011101000010110101100000
00101100000000000111101010000000
00010110101111000010100110001000
01111110110010100000100111010000
10011101010000000101011111011000
11010011000011110010111001010000
11010101111100000101110100111000
10110100010001111000001110010000
11110010111011100011111100111000
01100000001001110100100001011000
10100011000100101010001010110000
11111000010001110010010000000000
11101101100000110010111101001000
10010111000111111101000111111000
10011100000001010101111000011000
11100011111101101001100101010000
10011100101110100010101101011000
01000011101110011010100100000000
01011111001101101111110000101000
00110001010001101111001110101000
00100011101101111011110010010000
10001101100010111000100000000000
01001010101101101110110000111000
00001111011110100001001100110000
00110010110110011001100100000000
11101110000100001001110100000000
01110011001010101010101111111000
11110110100100000110111110010000
11010100001110011010100001011000
01000110001101110010110110111000
10010011001110100111111000011000
10000100100011001011001001110000
01111100110111111001111100000000
10010000011100110001010010010000
10110001111000011100011011100000
11101100001010010100010001000000
00000000110101101011111101110000
00110000101000111001010111000000
10001111010011011000011100010000
11101111110111111000110100001000
10000001100100100111010001101000
00111111111010001111010010110000
10001001101001111010110011110000
11001100010000110001110110001000
00010000111000110001011101110000
10011111100111010100011000000000
10011000110010001000011001100000
11100110101000100110010000010000
10100101101110010101111111001000
00111000001011101011110001000000
10101001101100111011101000000000
01111100010010001000111111100000
11001011111010110001001000010000
10111000011011001111101100000000
00110011101011101101100010001000
00010000101000100110000010110000
01100000001111000100010110000000
11001110010111111000001000100000
10101101100000001010011011100000
00101101111100100001010000000000
01000111011110000000110110000000
01001111111101011101011000110000
11001111101011100001010001011000
01101001101011000101000000011000
00001100101010111001011101100000
01011010010001000001110001010000
00010100011100000111100000101000
10001110100010110111010101110000
11111101011100011000101011101000
01100000000000111111110010000000
11010111010000101110100111010000
00000100001111101010011010010000
11111011101101011101101100110000
11000100001001011000001011010000
11000101111011101001100111110000
11001010010001001001000010101000
11111010000011110000001000110000
11101111011101001011111010100000
01100001000101101110101001100000
10100101011010011101010110000000
01011000011110011000111100000000
10101110100111011011100101101000
11110101101101111000101001101000
10010110101000110001001011101000
10010000011101110100011111000000
00111110100001000101110010000000
10010000010000111001111100010000
10010100000110001010011111110000
01100100111101110101111100010000
00110110000011001011001101110000
00011010110101001101110011100000
11001110001111000111001101000000
01110100110110000010111111100000
11000110011100010110100100110000
11001011100010111110010101100000
11010011100000010101110001101000
00010011011110010101011110111000
11001110110000011101010001011000
10111011010011010110011101110000
10101011011001010000111011001000
01000010000010101000101010110000
11111000100000010110010111101000
00001000100011101000111001000000
11111101011011101000000101001000
11010101010011111110011101010000
10110000011101000110011011011000
10001011010010110111000110011000
00011001000001001111011000101000
01000001101110000011000101110000
00101001100101010010000100000000
10111000110100111000110110100000
00111111111001001001010100001000
10000101000000111001111010011000
01010100111001111011010110110000
11000011101100110001011000100000
11011000111011100101110011000000
01001100111101011011000011000000
00101010011000110011101001110000
10101010011110011101110111110000
01010100111110001001000100010000
10110100110101001011001101010000
01001111011010110001011101010000
10100001110100011000101001111000
10010010110011111110111011100000
11111101011110100111010010101000
10100100011010011001111011010000
11000100100110001011001011100000
01101100101000111101000111010000
01100111000010111110001010110000
11001111111000011110010110000000
10001100010010001100000010010000
11011101000011101111000010010000
11100110000111011100000100001000
10000001011111000001100011111000
11111100111000100100011010000000
00011111110111000101010010011000
01011001001111001110111001011000
10001011111100101011000100011000
01000110011000110011001011111000
10011011111011100111010000000000
11101000011101110000000000101000
00000011111001101011001110100000
01100100111101101001111011011000
01111111011111110110111011100000
11011110000100110110110101110000
00001110111101011110101100000000
10000011111110110011011101110000
00101001010000110010101010100000
01100011011001010100110000010000
10101101101110111100110010000000
10001011111101001111001111010000
10000000111101001101110000111000
11111110100101111010001001101000
00111011100010100000100010110000
01011001100000110111001011000000
01100111001010000100111101101000
00000110111011111101000111110000
00010001101010111010010001101000
10110000010011100001111101001000
00100010011010100000100011110000
00011000000010100110101100011000
10011101111011100001111011001000
01000000101101011001000010011000
01101010010110011100100001100000
11101101010000100010001101101000
01000000010101000101001101011000
01000010110110000000100001010000
00001000011010110010101011010000
00101110110011100111111010010000
01010010000111001110101011101000
01100101001011000000001100000000
10010011100100001100101111100000
10011110111001111110000001001000
11000101011100011010110001011000
01110110001011111011001111110000
01000010111111100111110011000000
10010001000011101011010000101000
10110110011010101001010001101000
00100011011000101000101110100000
01101111011110100000010000000000
00101110011010001000110101000000
01001111000011011011111110101000
10101010010010100100000101001000
10101010000010000110110001101000
01001010011011011101000110100000
01110000001000000100110110100000
00110011101000101110000111011000
11010001010010101010010100100000
00110001011111001000000111011000
10001011110100000010001001011000
00110010101010110011000111110000
00110011000110111001001100011000
00111010111001111111100111011000
00000101010100000011110001010000
11111010101100101001011010011000
01110110010100011111011011011000
10100000011001110100111011111000
00001011011001100001010011111000
00000111000111100110110000111000
11000100111111011010000101111000
11110011110001001111110110110000
01100111001111101010010010110000
10111010101100101001111011000000
11011100000111011100100110110000
00110001100100001111001110000000
10101110000100101110101010110000
10000101001110100100110011111000
10000110101100101111001001000000
01110100010100111110010111111000
00110000001010100111100111101000
10110101100000001100001011100000
00010101110110011100000101010000
01001011011000111111011001110000
01110001100011010001110001000000
01010100101000110100111010101000
00001010101111100100101101000000
01000100011010001000110101101000
10001011110101101101000011010000
11100010001100010110100111111000
00100001011110000111011110111000
11110110000111111110101101101000
10000101110111100110101010000000
11001001000011110111011010010000
10010100110101001110011011101000
00011011000101111011010101100000
10111111101000011100011010001000
10011100000010110100010110111000
10010110110001000111110100111000
01100010000110111010111111011000
01110110010100000110001001011000
10010001000110001111001110011000
11011110011101100100101001111000
01000010100100110011111111001000
01000110100110011101111001010000
00011011101100100111011111100000
11100011100000000111001111100000
10101100111000110101011001010000
00101010000100010000100101111000
11100111101101000001111001010000
11000010001010100110000101101000
10001101111001110111010011010000
10110111010000111011110111010000
10101111100010111101010111100000
00111001111000110011011100011000
11100010000111010011111101100000
00000000111011010001101111110000
11011101000001100100000101000000
00111110001001110011010100000000
10111111111000110000101111011000
01001101001111100000011110000000
01101001010011101100110011011000
01101101100010101101000011111000
01111000010101100000100100010000
01011000001101000101011111101000
11001000111110011111101110100000
01111100111010011100111010110000
01011111011110101110011100011000
11100101111010010100001110001000
01100001101011011110110110110000
10110001110001010000111010111000
00101101101001011101100101011000
01001010000101111100011001001000
01001101010000101000010110000000
00000111101110000001011001101000
10110010010010011010110010101000
11110000111100000010100100101000
00001001111011110101111100001000
11110100110100011011010000110000
10110010111100111011111011000000
10010100101001010000111011110000
00000001101100111011011100000000
01000001011010100011010111010000
00000000100001111101000100000000
01110000001011011000010110011000
10000010110010000010101010000000
10110011000000010001111101000000
01100011010111101000011111010000
01011111011001001101011110100000
10011011011010100110000101000000
10101101111011110001100011101000
11000011111010110000000001110000
01111100100101010110001110010000
00110000110111101110000111010000
00101100110010001010011110100000
10011000001010001101000011011000
10001101011110111011001011010000
10110100100111101111111100011000
10101001111001101111000111111000
00011100101110001100101110110000
01001101111000000001001101111000
10010000100110110100100111101000
01111110010011001101000110100000
00111011110100010111101000110000
00111001010000111111111110110000
01010000010001100001101110000000
10011101010010101011100101010000
11010101011011101111100011010000
11100110101001010001010010110000
00001001101001000100010101010000
01011011111001010011010110100000
00100101011101110000001100000000
01100011001101000011101101101000
00000110011001011011010110100000
11100010111000100100100111101000
10101000001100101000001000100000
10111001011101010001111000101000
11000000101110111101100101000000
01111111010101100010100110011000
11110010100000011110001011110000
10100000101011110101101100000000
01101010010010111011000101110000
11010000000011001110010100000000
00111110010001100001000110111000
01001100110011110010110100100000
10000001010100011010000111010000
00000101000110101001010100001000
00101000111011111010000001000000
11000111001101111100000101110000
11000101001011110100010001000000
10011110011000110110110101010000
00101110110101010011111111111000
01110110101000111011000111100000
11100110101010111000011100001000
00101101100010111111111011101000
01000100000111011001011000000000
01011101011111011101000101100000
01011001111010001011101110001000
11100000100011101100111111011000
00000011111010111011110010100000
01000111011010101000100000001000
11010011010101100000000011011000
11101111111000110101000010100000
11100010001010111110001010110000
00110110001101011010110001101000
10111101110100001111010000000000
01100101000100100010111101000000
10101001101000011010000000011000
00010100010010110101110001010000
10000000101001111111101010110000
00111101111101011100010101110000
11110100101101010000011011110000
10100001010101001110001111000000
01101101110001011111011000100000
01010110100110001110101010011000
11010001100001110101110010010000
00110001001011001011100110010000
10111000110101110011100011010000
10010010100110110000011010100000
01011100110110000100011110100000
10111001000101101010101100011000
10100100111010101100001111100000
11000001010101100000010111000000
00011011100011101110110101101000
01011100010110011100010001000000
11011010111100101011101010011000
00001101101000101011001010000000
11110101100000011000101100110000
11001010000100000010010110000000
00110001100110100101101010000000
10111011110001000000001010100000
01101111100111110000001101110000
10111010111111100001010000110000
01111001000001011001110010111000
10011111100110101001110001110000
01011000110110010110101001100000
11101011100010001011011110000000
11010100111111101001111000000000
01000110100000101001011010101000
10100000110000110011011111010000
11110001111011011000000101100000
10100111010000000000000000001000
01111000000000010101111001110000
00110010000110100110111011010000
00111100000111001000111111000000
01101101011010001101100100010000
00000010001111011001000100000000
00001010010001001010000011010000
01000011001111100100100100110000
10100000011111010101011000000000
00001000001101011111010010110000
01110010001000100101001000011000
01100111011100100011010110010000
01110011100111101000111100100000
01100100010011110010110001100000
01001101000111111110010010011000
11000110111110100011010111011000
00010001100001001111010111110000
11000101001001010000001000101000
10111111010100001110000111011000
11100011011011010011001111100000
10001100000111111001110111100000
11101100100010100110000110101000
11010110000011011100011001110000
00110110110010100111111100100000
00111001100110111110000111011000
11110000000100000011100101010000
00110111100010100001010100010000
00001110101101110110011110001000
10100011000101110100011000110000
00011001011110111001100010000000
01101010100100100100001100001000
10100001101011011100111100100000
00110100000001011110000010101000
10100010001010110001010100011000
01101110011111010101000000111000
01110001100111011110010111000000
00111001111111110000011111000000
10100001101111100001010111010000
11111000100000001110000010100000
00010110010110101011110111000000
10011100110000011110011010110000
00011100011100110010011000100000
10010011111001100101111011100000
11011110011001111111100001010000
11010110111000100000010100000000
00110010100100010110011010100000
01001100111110011010100100000000
01111110011001000011011000110000
00011001001000000000010001100000
00010011110011001000110110111000
00100101000111110011001001001000
00010000011001101111110101001000
00111001101000100010000111111000
01011101001110001100111111010000
01000000011010001110000110110000
00111101001001101101100001000000
10101010010001101100100010101000
01111101100110001010011000011000
00011010000110110001100111110000
11011000011110000100011100001000
10010101111010100011100001011000
11111100110000001101011100100000
01111100111101001101001111110000
00111111011111100000010000010000
00110000110110101001101001100000
11010000010100110101111011111000
11100100110011100110111011000000
01001111010011110101111111010000
10111011110110111001101101010000
10100011010101111010111001010000
01100000001101111100101001101000
10100101101100100101111111000000
01010000100011000101011011000000
10110011110100101000001001001000
01110111010011000111010010000000
11010010001011010110010011011000
00001101010101101001000111011000
11000011000100010011001111000000
01001011001111110010111010000000
00001101101010100010010101011000
01101011001000100111011010111000
10100100100100011000001111101000
11010010010100101011011110100000
11000011101010001011000111100000
00101001001001111000111001111000
10011111100011110011111000110000
01110011000101100000101101110000
00010000010000101000110110110000
11001110010011111100011111010000
01010101110111110111101000011000
10101010111110110010001001000000
00110001010101010111010011110000
11001001110000111110100111000000
