11110000011100111101111110111100
00011010100111010011110111100000
11110111001001110111101001111000
00000000010010111011110010000100
11111000001010001100001100000011
00011101000110001010000100001110
11111101010011111011001110111010
11100101100001001110110110000100
00000110100100110001100010000000
11111010110011010111010111101100
11101011011010001101010010000000
00000101101101110001100010010000
00101000010011001100110000110110
11100000100010111001111101001111
11010111110001010110001111111111
00000011110010001110001100010100
11100011111101000000110101100110
11010101110001100001011101100000
11111101100011111111010010010000
00000011111010001101101011110010
00001100011001101010111010011111
11111010101000001011110100001000
11111111000101101101001000011011
00010001001111101100000011011010
11101011011111101000101111001100
00000010100001011000101011101101
00001001010101010110011110011011
00000001110111100010100000000000
00110000100101000110100000000101
11110000000000100101101000000101
