01100001000100000110000000010000
01100001000100001111000001100100
01100001000100000000000000000000
01100001000100001111000001100100
01100001000100010010000010010000
01011111100000010000000010000000
01011111100001001000101000100000
01100001000100100010101000010001
01100001000100011011000101000100
01011111100001011101000010001000
01011111100000000000000000000000
01011111100000100000001000000000
01100001000100011000000100000000
01011111100000101000001100100000
00000000000000000000000000000000
01011111100001010000110010000000
01100001000100011011000101000100
01011111100001000000100000000000
01011111100001000000100000000000
01011111100000101000001100100000
01100001000011110100000001000000
01011111100000101000001100100000
01100001000100011000000100000000
01100001000011110100000001000000
01100001000100000000000000000000
01100001000100000000000000000000
00000000000000000000000000000000
01011111100001010100110111001000
01100001000100100010101000010001
01011111011111000000010000000000
